302055684 416 160
302055688 416 160
302055692 416 160
302055696 416 160
302055700 416 160
302055704 416 160
302055708 416 160
302055712 416 160
302055940 416 160
302055944 416 160
302055948 416 160
302055952 416 160
302055956 416 160
302055960 416 160
302055964 416 160
302055968 416 160
302056196 416 160
302056200 416 160
302056204 416 160
302056208 416 160
302056212 416 160
302056216 416 160
302056220 416 160
302056224 416 160
302056452 416 160
302056456 416 160
302056460 416 160
302056464 416 160
302056468 416 160
302056472 416 160
302056476 416 160
302056480 416 160
302056708 416 80
302056712 416 80
302056716 416 80
302056720 416 80
302056724 416 80
302056728 416 80
302056732 416 80
302056736 416 80
302056964 416 80
302056968 416 80
302056972 416 80
302056976 416 80
302056980 416 80
302056984 416 80
302056988 416 80
302056992 416 80
302057220 416 160
302057224 416 160
302057228 416 160
302057232 416 160
302057236 416 160
302057240 416 160
302057244 416 160
302057248 416 160
302057476 416 160
302057480 416 160
302057484 416 160
302057488 416 160
302057492 416 160
302057496 416 160
302057500 416 160
302057504 416 160
302057732 416 160
302057736 416 160
302057740 416 160
302057744 416 160
302057748 416 160
302057752 416 160
302057756 416 160
302057760 416 160
302057988 416 160
302057992 416 160
302057996 416 160
302058000 416 160
302058004 416 160
302058008 416 160
302058012 416 160
302058016 416 160
302058244 416 160
302058248 416 160
302058252 416 160
302058256 416 160
302058260 416 160
302058264 416 160
302058268 416 160
302058272 416 160
302058500 416 160
302058504 416 160
302058508 416 160
302058512 416 160
302058516 416 160
302058520 416 160
302058524 416 160
302058528 416 160
302058756 416 160
302058760 416 160
302058764 416 160
302058768 416 160
302058772 416 160
302058776 416 160
302058780 416 160
302058784 416 160
302059012 416 160
302059016 416 160
302059020 416 160
302059024 416 160
302059028 416 160
302059032 416 160
302059036 416 160
302059040 416 160
302059268 416 80
302059272 416 80
302059276 416 80
302059280 416 80
302059284 416 80
302059288 416 80
302059292 416 80
302059296 416 80
302059524 416 80
302059528 416 80
302059532 416 80
302059536 416 80
302059540 416 80
302059544 416 80
302059548 416 80
302059552 416 80
302059780 416 160
302059784 416 160
302059788 416 160
302059792 416 160
302059796 416 160
302059800 416 160
302059804 416 160
302059808 416 160
302060036 416 160
302060040 416 160
302060044 416 160
302060048 416 160
302060052 416 160
302060056 416 160
302060060 416 160
302060064 416 160
302060292 416 160
302060296 416 160
302060300 416 160
302060304 416 160
302060308 416 160
302060312 416 160
302060316 416 160
302060320 416 160
302060548 416 160
302060552 416 160
302060556 416 160
302060560 416 160
302060564 416 160
302060568 416 160
302060572 416 160
302060576 416 160
302121220 416 160
302121224 416 160
302121228 416 160
302121232 416 160
302121236 416 160
302121240 416 160
302121244 416 160
302121248 416 160
302121476 416 160
302121480 416 160
302121484 416 160
302121488 416 160
302121492 416 160
302121496 416 160
302121500 416 160
302121504 416 160
302121732 416 160
302121736 416 160
302121740 416 160
302121744 416 160
302121748 416 160
302121752 416 160
302121756 416 160
302121760 416 160
302121988 416 160
302121992 416 160
302121996 416 160
302122000 416 160
302122004 416 160
302122008 416 160
302122012 416 160
302122016 416 160
302122244 416 160
302122248 416 160
302122252 416 160
302122256 416 160
302122260 416 160
302122264 416 160
302122268 416 160
302122272 416 160
302122500 416 160
302122504 416 160
302122508 416 160
302122512 416 160
302122516 416 160
302122520 416 160
302122524 416 160
302122528 416 160
302122756 416 160
302122760 416 160
302122764 416 160
302122768 416 160
302122772 416 160
302122776 416 160
302122780 416 160
302122784 416 160
302123012 416 80
302123016 416 80
302123020 416 80
302123024 416 80
302123028 416 80
302123032 416 80
302123036 416 80
302123040 416 80
302123268 416 80
302123272 416 80
302123276 416 80
302123280 416 80
302123284 416 80
302123288 416 80
302123292 416 80
302123296 416 80
302123524 416 160
302123528 416 160
302123532 416 160
302123536 416 160
302123540 416 160
302123544 416 160
302123548 416 160
302123552 416 160
302123780 416 160
302123784 416 160
302123788 416 160
302123792 416 160
302123796 416 160
302123800 416 160
302123804 416 160
302123808 416 160
302124036 416 160
302124040 416 160
302124044 416 160
302124048 416 160
302124052 416 160
302124056 416 160
302124060 416 160
302124064 416 160
302124292 416 160
302124296 416 160
302124300 416 160
302124304 416 160
302124308 416 160
302124312 416 160
302124316 416 160
302124320 416 160
302124548 416 160
302124552 416 160
302124556 416 160
302124560 416 160
302124564 416 160
302124568 416 160
302124572 416 160
302124576 416 160
302124804 416 160
302124808 416 160
302124812 416 160
302124816 416 160
302124820 416 160
302124824 416 160
302124828 416 160
302124832 416 160
302125060 416 160
302125064 416 160
302125068 416 160
302125072 416 160
302125076 416 160
302125080 416 160
302125084 416 160
302125088 416 160
302125316 416 160
302125320 416 160
302125324 416 160
302125328 416 160
302125332 416 160
302125336 416 160
302125340 416 160
302125344 416 160
302125572 416 160
302125576 416 160
302125580 416 160
302125584 416 160
302125588 416 160
302125592 416 160
302125596 416 160
302125600 416 160
302125828 416 160
302125832 416 160
302125836 416 160
302125840 416 160
302125844 416 160
302125848 416 160
302125852 416 160
302125856 416 160
302126084 416 160
302126088 416 160
302126092 416 160
302126096 416 160
302126100 416 160
302126104 416 160
302126108 416 160
302126112 416 160
302126340 416 160
302126344 416 160
302126348 416 160
302126352 416 160
302126356 416 160
302126360 416 160
302126364 416 160
302126368 416 160
302126596 416 160
302126600 416 160
302126604 416 160
302126608 416 160
302126612 416 160
302126616 416 160
302126620 416 160
302126624 416 160
302126852 416 160
302126856 416 160
302126860 416 160
302126864 416 160
302126868 416 160
302126872 416 160
302126876 416 160
302126880 416 160
302127108 416 80
302127112 416 80
302127116 416 80
302127120 416 80
302127124 416 80
302127128 416 80
302127132 416 80
302127136 416 80
302127364 416 80
302127368 416 80
302127372 416 80
302127376 416 80
302127380 416 80
302127384 416 80
302127388 416 80
302127392 416 80
302127620 416 160
302127624 416 160
302127628 416 160
302127632 416 160
302127636 416 160
302127640 416 160
302127644 416 160
302127648 416 160
302127876 416 160
302127880 416 160
302127884 416 160
302127888 416 160
302127892 416 160
302127896 416 160
302127900 416 160
302127904 416 160
302128132 416 160
302128136 416 160
302128140 416 160
302128144 416 160
302128148 416 160
302128152 416 160
302128156 416 160
302128160 416 160
302128388 416 160
302128392 416 160
302128396 416 160
302128400 416 160
302128404 416 160
302128408 416 160
302128412 416 160
302128416 416 160
302128644 416 160
302128648 416 160
302128652 416 160
302128656 416 160
302128660 416 160
302128664 416 160
302128668 416 160
302128672 416 160
302128900 416 160
302128904 416 160
302128908 416 160
302128912 416 160
302128916 416 160
302128920 416 160
302128924 416 160
302128928 416 160
302129156 416 160
302129160 416 160
302129164 416 160
302129168 416 160
302129172 416 160
302129176 416 160
302129180 416 160
302129184 416 160
302186756 416 160
302186760 416 160
302186764 416 160
302186768 416 160
302186772 416 160
302186776 416 160
302186780 416 160
302186784 416 160
302187012 416 160
302187016 416 160
302187020 416 160
302187024 416 160
302187028 416 160
302187032 416 160
302187036 416 160
302187040 416 160
302187268 416 160
302187272 416 160
302187276 416 160
302187280 416 160
302187284 416 160
302187288 416 160
302187292 416 160
302187296 416 160
302187524 416 160
302187528 416 160
302187532 416 160
302187536 416 160
302187540 416 160
302187544 416 160
302187548 416 160
302187552 416 160
302187780 416 160
302187784 416 160
302187788 416 160
302187792 416 160
302187796 416 160
302187800 416 160
302187804 416 160
302187808 416 160
302188036 416 160
302188040 416 160
302188044 416 160
302188048 416 160
302188052 416 160
302188056 416 160
302188060 416 160
302188064 416 160
302188292 416 160
302188296 416 160
302188300 416 160
302188304 416 160
302188308 416 160
302188312 416 160
302188316 416 160
302188320 416 160
302188548 416 160
302188552 416 160
302188556 416 160
302188560 416 160
302188564 416 160
302188568 416 160
302188572 416 160
302188576 416 160
302188804 416 160
302188808 416 160
302188812 416 160
302188816 416 160
302188820 416 160
302188824 416 160
302188828 416 160
302188832 416 160
302189060 416 160
302189064 416 160
302189068 416 160
302189072 416 160
302189076 416 160
302189080 416 160
302189084 416 160
302189088 416 160
302189316 416 160
302189320 416 160
302189324 416 160
302189328 416 160
302189332 416 160
302189336 416 160
302189340 416 160
302189344 416 160
302189572 416 80
302189576 416 80
302189580 416 80
302189584 416 80
302189588 416 80
302189592 416 80
302189596 416 80
302189600 416 80
302189828 416 80
302189832 416 80
302189836 416 80
302189840 416 80
302189844 416 80
302189848 416 80
302189852 416 80
302189856 416 80
302190084 416 160
302190088 416 160
302190092 416 160
302190096 416 160
302190100 416 160
302190104 416 160
302190108 416 160
302190112 416 160
302190340 416 160
302190344 416 160
302190348 416 160
302190352 416 160
302190356 416 160
302190360 416 160
302190364 416 160
302190368 416 160
302190596 416 160
302190600 416 160
302190604 416 160
302190608 416 160
302190612 416 160
302190616 416 160
302190620 416 160
302190624 416 160
302190852 416 160
302190856 416 160
302190860 416 160
302190864 416 160
302190868 416 160
302190872 416 160
302190876 416 160
302190880 416 160
302191108 416 160
302191112 416 160
302191116 416 160
302191120 416 160
302191124 416 160
302191128 416 160
302191132 416 160
302191136 416 160
302191364 416 160
302191368 416 160
302191372 416 160
302191376 416 160
302191380 416 160
302191384 416 160
302191388 416 160
302191392 416 160
302191620 416 160
302191624 416 160
302191628 416 160
302191632 416 160
302191636 416 160
302191640 416 160
302191644 416 160
302191648 416 160
302191876 416 160
302191880 416 160
302191884 416 160
302191888 416 160
302191892 416 160
302191896 416 160
302191900 416 160
302191904 416 160
302192132 416 160
302192136 416 160
302192140 416 160
302192144 416 160
302192148 416 160
302192152 416 160
302192156 416 160
302192160 416 160
302192388 416 160
302192392 416 160
302192396 416 160
302192400 416 160
302192404 416 160
302192408 416 160
302192412 416 160
302192416 416 160
302192644 416 160
302192648 416 160
302192652 416 160
302192656 416 160
302192660 416 160
302192664 416 160
302192668 416 160
302192672 416 160
302192900 416 160
302192904 416 160
302192908 416 160
302192912 416 160
302192916 416 160
302192920 416 160
302192924 416 160
302192928 416 160
302193156 416 160
302193160 416 160
302193164 416 160
302193168 416 160
302193172 416 160
302193176 416 160
302193180 416 160
302193184 416 160
302193412 416 160
302193416 416 160
302193420 416 160
302193424 416 160
302193428 416 160
302193432 416 160
302193436 416 160
302193440 416 160
302193668 416 160
302193672 416 160
302193676 416 160
302193680 416 160
302193684 416 160
302193688 416 160
302193692 416 160
302193696 416 160
302193924 416 160
302193928 416 160
302193932 416 160
302193936 416 160
302193940 416 160
302193944 416 160
302193948 416 160
302193952 416 160
302194180 416 160
302194184 416 160
302194188 416 160
302194192 416 160
302194196 416 160
302194200 416 160
302194204 416 160
302194208 416 160
302194436 416 160
302194440 416 160
302194444 416 160
302194448 416 160
302194452 416 160
302194456 416 160
302194460 416 160
302194464 416 160
302194692 416 160
302194696 416 160
302194700 416 160
302194704 416 160
302194708 416 160
302194712 416 160
302194716 416 160
302194720 416 160
302194948 416 160
302194952 416 160
302194956 416 160
302194960 416 160
302194964 416 160
302194968 416 160
302194972 416 160
302194976 416 160
302195204 416 160
302195208 416 160
302195212 416 160
302195216 416 160
302195220 416 160
302195224 416 160
302195228 416 160
302195232 416 160
302195460 416 160
302195464 416 160
302195468 416 160
302195472 416 160
302195476 416 160
302195480 416 160
302195484 416 160
302195488 416 160
302195716 416 80
302195720 416 80
302195724 416 80
302195728 416 80
302195732 416 80
302195736 416 80
302195740 416 80
302195744 416 80
302195972 416 80
302195976 416 80
302195980 416 80
302195984 416 80
302195988 416 80
302195992 416 80
302195996 416 80
302196000 416 80
302196228 416 160
302196232 416 160
302196236 416 160
302196240 416 160
302196244 416 160
302196248 416 160
302196252 416 160
302196256 416 160
302196484 416 160
302196488 416 160
302196492 416 160
302196496 416 160
302196500 416 160
302196504 416 160
302196508 416 160
302196512 416 160
302196740 416 160
302196744 416 160
302196748 416 160
302196752 416 160
302196756 416 160
302196760 416 160
302196764 416 160
302196768 416 160
302196996 416 160
302197000 416 160
302197004 416 160
302197008 416 160
302197012 416 160
302197016 416 160
302197020 416 160
302197024 416 160
302197252 416 160
302197256 416 160
302197260 416 160
302197264 416 160
302197268 416 160
302197272 416 160
302197276 416 160
302197280 416 160
302197508 416 160
302197512 416 160
302197516 416 160
302197520 416 160
302197524 416 160
302197528 416 160
302197532 416 160
302197536 416 160
302197764 416 160
302197768 416 160
302197772 416 160
302197776 416 160
302197780 416 160
302197784 416 160
302197788 416 160
302197792 416 160
302198020 416 160
302198024 416 160
302198028 416 160
302198032 416 160
302198036 416 160
302198040 416 160
302198044 416 160
302198048 416 160
302198276 416 160
302198280 416 160
302198284 416 160
302198288 416 160
302198292 416 160
302198296 416 160
302198300 416 160
302198304 416 160
302198532 416 160
302198536 416 160
302198540 416 160
302198544 416 160
302198548 416 160
302198552 416 160
302198556 416 160
302198560 416 160
302198788 416 160
302198792 416 160
302198796 416 160
302198800 416 160
302198804 416 160
302198808 416 160
302198812 416 160
302198816 416 160
302252292 416 160
302252296 416 160
302252300 416 160
302252304 416 160
302252308 416 160
302252312 416 160
302252316 416 160
302252320 416 160
302252548 416 160
302252552 416 160
302252556 416 160
302252560 416 160
302252564 416 160
302252568 416 160
302252572 416 160
302252576 416 160
302252804 416 160
302252808 416 160
302252812 416 160
302252816 416 160
302252820 416 160
302252824 416 160
302252828 416 160
302252832 416 160
302253060 416 160
302253064 416 160
302253068 416 160
302253072 416 160
302253076 416 160
302253080 416 160
302253084 416 160
302253088 416 160
302253316 416 160
302253320 416 160
302253324 416 160
302253328 416 160
302253332 416 160
302253336 416 160
302253340 416 160
302253344 416 160
302253572 416 160
302253576 416 160
302253580 416 160
302253584 416 160
302253588 416 160
302253592 416 160
302253596 416 160
302253600 416 160
302253828 416 160
302253832 416 160
302253836 416 160
302253840 416 160
302253844 416 160
302253848 416 160
302253852 416 160
302253856 416 160
302254084 416 160
302254088 416 160
302254092 416 160
302254096 416 160
302254100 416 160
302254104 416 160
302254108 416 160
302254112 416 160
302254340 416 160
302254344 416 160
302254348 416 160
302254352 416 160
302254356 416 160
302254360 416 160
302254364 416 160
302254368 416 160
302254596 416 160
302254600 416 160
302254604 416 160
302254608 416 160
302254612 416 160
302254616 416 160
302254620 416 160
302254624 416 160
302254852 416 160
302254856 416 160
302254860 416 160
302254864 416 160
302254868 416 160
302254872 416 160
302254876 416 160
302254880 416 160
302255108 416 160
302255112 416 160
302255116 416 160
302255120 416 160
302255124 416 160
302255128 416 160
302255132 416 160
302255136 416 160
302255364 416 160
302255368 416 160
302255372 416 160
302255376 416 160
302255380 416 160
302255384 416 160
302255388 416 160
302255392 416 160
302255620 416 160
302255624 416 160
302255628 416 160
302255632 416 160
302255636 416 160
302255640 416 160
302255644 416 160
302255648 416 160
302255876 416 160
302255880 416 160
302255884 416 160
302255888 416 160
302255892 416 160
302255896 416 160
302255900 416 160
302255904 416 160
302256132 416 160
302256136 416 160
302256140 416 160
302256144 416 160
302256148 416 160
302256152 416 160
302256156 416 160
302256160 416 160
302256388 416 160
302256392 416 160
302256396 416 160
302256400 416 160
302256404 416 160
302256408 416 160
302256412 416 160
302256416 416 160
302256644 416 80
302256648 416 80
302256652 416 80
302256656 416 80
302256660 416 80
302256664 416 80
302256668 416 80
302256672 416 80
302256900 416 80
302256904 416 80
302256908 416 80
302256912 416 80
302256916 416 80
302256920 416 80
302256924 416 80
302256928 416 80
302257156 416 160
302257160 416 160
302257164 416 160
302257168 416 160
302257172 416 160
302257176 416 160
302257180 416 160
302257184 416 160
302257412 416 160
302257416 416 160
302257420 416 160
302257424 416 160
302257428 416 160
302257432 416 160
302257436 416 160
302257440 416 160
302257668 416 160
302257672 416 160
302257676 416 160
302257680 416 160
302257684 416 160
302257688 416 160
302257692 416 160
302257696 416 160
302257924 416 160
302257928 416 160
302257932 416 160
302257936 416 160
302257940 416 160
302257944 416 160
302257948 416 160
302257952 416 160
302258180 416 160
302258184 416 160
302258188 416 160
302258192 416 160
302258196 416 160
302258200 416 160
302258204 416 160
302258208 416 160
302258436 416 160
302258440 416 160
302258444 416 160
302258448 416 160
302258452 416 160
302258456 416 160
302258460 416 160
302258464 416 160
302258692 416 160
302258696 416 160
302258700 416 160
302258704 416 160
302258708 416 160
302258712 416 160
302258716 416 160
302258720 416 160
302258948 416 160
302258952 416 160
302258956 416 160
302258960 416 160
302258964 416 160
302258968 416 160
302258972 416 160
302258976 416 160
302259204 416 160
302259208 416 160
302259212 416 160
302259216 416 160
302259220 416 160
302259224 416 160
302259228 416 160
302259232 416 160
302259460 416 160
302259464 416 160
302259468 416 160
302259472 416 160
302259476 416 160
302259480 416 160
302259484 416 160
302259488 416 160
302259716 416 160
302259720 416 160
302259724 416 160
302259728 416 160
302259732 416 160
302259736 416 160
302259740 416 160
302259744 416 160
302259972 416 160
302259976 416 160
302259980 416 160
302259984 416 160
302259988 416 160
302259992 416 160
302259996 416 160
302260000 416 160
302260228 416 160
302260232 416 160
302260236 416 160
302260240 416 160
302260244 416 160
302260248 416 160
302260252 416 160
302260256 416 160
302260484 416 160
302260488 416 160
302260492 416 160
302260496 416 160
302260500 416 160
302260504 416 160
302260508 416 160
302260512 416 160
302260740 416 160
302260744 416 160
302260748 416 160
302260752 416 160
302260756 416 160
302260760 416 160
302260764 416 160
302260768 416 160
302260996 416 160
302261000 416 160
302261004 416 160
302261008 416 160
302261012 416 160
302261016 416 160
302261020 416 160
302261024 416 160
302261252 416 160
302261256 416 160
302261260 416 160
302261264 416 160
302261268 416 160
302261272 416 160
302261276 416 160
302261280 416 160
302261508 416 160
302261512 416 160
302261516 416 160
302261520 416 160
302261524 416 160
302261528 416 160
302261532 416 160
302261536 416 160
302261764 416 160
302261768 416 160
302261772 416 160
302261776 416 160
302261780 416 160
302261784 416 160
302261788 416 160
302261792 416 160
302262020 416 160
302262024 416 160
302262028 416 160
302262032 416 160
302262036 416 160
302262040 416 160
302262044 416 160
302262048 416 160
302262276 416 160
302262280 416 160
302262284 416 160
302262288 416 160
302262292 416 160
302262296 416 160
302262300 416 160
302262304 416 160
302262532 416 160
302262536 416 160
302262540 416 160
302262544 416 160
302262548 416 160
302262552 416 160
302262556 416 160
302262560 416 160
302262788 416 160
302262792 416 160
302262796 416 160
302262800 416 160
302262804 416 160
302262808 416 160
302262812 416 160
302262816 416 160
302263044 416 160
302263048 416 160
302263052 416 160
302263056 416 160
302263060 416 160
302263064 416 160
302263068 416 160
302263072 416 160
302263300 416 160
302263304 416 160
302263308 416 160
302263312 416 160
302263316 416 160
302263320 416 160
302263324 416 160
302263328 416 160
302263556 416 160
302263560 416 160
302263564 416 160
302263568 416 160
302263572 416 160
302263576 416 160
302263580 416 160
302263584 416 160
302263812 416 160
302263816 416 160
302263820 416 160
302263824 416 160
302263828 416 160
302263832 416 160
302263836 416 160
302263840 416 160
302264068 416 160
302264072 416 160
302264076 416 160
302264080 416 160
302264084 416 160
302264088 416 160
302264092 416 160
302264096 416 160
302264324 416 160
302264328 416 160
302264332 416 160
302264336 416 160
302264340 416 160
302264344 416 160
302264348 416 160
302264352 416 160
302264580 416 160
302264584 416 160
302264588 416 160
302264592 416 160
302264596 416 160
302264600 416 160
302264604 416 160
302264608 416 160
302264836 416 160
302264840 416 160
302264844 416 160
302264848 416 160
302264852 416 160
302264856 416 160
302264860 416 160
302264864 416 160
302265092 416 160
302265096 416 160
302265100 416 160
302265104 416 160
302265108 416 160
302265112 416 160
302265116 416 160
302265120 416 160
302265348 416 160
302265352 416 160
302265356 416 160
302265360 416 160
302265364 416 160
302265368 416 160
302265372 416 160
302265376 416 160
302265604 416 160
302265608 416 160
302265612 416 160
302265616 416 160
302265620 416 160
302265624 416 160
302265628 416 160
302265632 416 160
302265860 416 80
302265864 416 80
302265868 416 80
302265872 416 80
302265876 416 80
302265880 416 80
302265884 416 80
302265888 416 80
302266116 416 80
302266120 416 80
302266124 416 80
302266128 416 80
302266132 416 80
302266136 416 80
302266140 416 80
302266144 416 80
302266372 416 160
302266376 416 160
302266380 416 160
302266384 416 160
302266388 416 160
302266392 416 160
302266396 416 160
302266400 416 160
302266628 416 160
302266632 416 160
302266636 416 160
302266640 416 160
302266644 416 160
302266648 416 160
302266652 416 160
302266656 416 160
302266884 416 160
302266888 416 160
302266892 416 160
302266896 416 160
302266900 416 160
302266904 416 160
302266908 416 160
302266912 416 160
302267140 416 160
302267144 416 160
302267148 416 160
302267152 416 160
302267156 416 160
302267160 416 160
302267164 416 160
302267168 416 160
302267396 416 160
302267400 416 160
302267404 416 160
302267408 416 160
302267412 416 160
302267416 416 160
302267420 416 160
302267424 416 160
302267652 416 160
302267656 416 160
302267660 416 160
302267664 416 160
302267668 416 160
302267672 416 160
302267676 416 160
302267680 416 160
302267908 416 160
302267912 416 160
302267916 416 160
302267920 416 160
302267924 416 160
302267928 416 160
302267932 416 160
302267936 416 160
302268164 416 160
302268168 416 160
302268172 416 160
302268176 416 160
302268180 416 160
302268184 416 160
302268188 416 160
302268192 416 160
302268420 416 160
302268424 416 160
302268428 416 160
302268432 416 160
302268436 416 160
302268440 416 160
302268444 416 160
302268448 416 160
302268676 416 160
302268680 416 160
302268684 416 160
302268688 416 160
302268692 416 160
302268696 416 160
302268700 416 160
302268704 416 160
302268932 416 160
302268936 416 160
302268940 416 160
302268944 416 160
302268948 416 160
302268952 416 160
302268956 416 160
302268960 416 160
302269188 416 160
302269192 416 160
302269196 416 160
302269200 416 160
302269204 416 160
302269208 416 160
302269212 416 160
302269216 416 160
302269444 416 160
302269448 416 160
302269452 416 160
302269456 416 160
302269460 416 160
302269464 416 160
302269468 416 160
302269472 416 160
302269700 416 160
302269704 416 160
302269708 416 160
302269712 416 160
302269716 416 160
302269720 416 160
302269724 416 160
302269728 416 160
302269956 416 160
302269960 416 160
302269964 416 160
302269968 416 160
302269972 416 160
302269976 416 160
302269980 416 160
302269984 416 160
302270212 416 160
302270216 416 160
302270220 416 160
302270224 416 160
302270228 416 160
302270232 416 160
302270236 416 160
302270240 416 160
302270468 416 160
302270472 416 160
302270476 416 160
302270480 416 160
302270484 416 160
302270488 416 160
302270492 416 160
302270496 416 160
302317828 50 964
302317832 50 964
302317836 50 964
302317840 50 964
302317844 50 964
302317848 50 964
302317852 50 964
302317856 50 964
302317860 50 964
302317864 50 964
302317868 50 964
302317872 50 964
302317876 50 964
302317880 50 964
302317884 50 964
302317888 50 964
302317892 50 964
302317896 50 964
302317900 50 964
302317904 50 964
302317908 50 964
302317912 50 964
302317916 50 964
302317920 50 964
302317924 50 964
302317928 50 964
302317932 50 964
302317936 50 964
302317940 50 964
302317944 50 964
302317948 50 964
302317952 50 964
302318084 50 964
302318088 50 964
302318092 50 964
302318096 50 964
302318100 50 964
302318104 50 964
302318108 50 964
302318112 50 964
302318116 50 964
302318120 50 964
302318124 50 964
302318128 50 964
302318132 50 964
302318136 50 964
302318140 50 964
302318144 50 964
302318148 50 964
302318152 50 964
302318156 50 964
302318160 50 964
302318164 50 964
302318168 50 964
302318172 50 964
302318176 50 964
302318180 50 964
302318184 50 964
302318188 50 964
302318192 50 964
302318196 50 964
302318200 50 964
302318204 50 964
302318208 50 964
302318340 50 964
302318344 50 964
302318348 50 964
302318352 50 964
302318356 50 964
302318360 50 964
302318364 50 964
302318368 50 964
302318372 50 964
302318376 50 964
302318380 50 964
302318384 50 964
302318388 50 964
302318392 50 964
302318396 50 964
302318400 50 964
302318404 50 964
302318408 50 964
302318412 50 964
302318416 50 964
302318420 50 964
302318424 50 964
302318428 50 964
302318432 50 964
302318436 50 964
302318440 50 964
302318444 50 964
302318448 50 964
302318452 50 964
302318456 50 964
302318460 50 964
302318464 50 964
302318596 50 964
302318600 50 964
302318604 50 964
302318608 50 964
302318612 50 964
302318616 50 964
302318620 50 964
302318624 50 964
302318628 50 964
302318632 50 964
302318636 50 964
302318640 50 964
302318644 50 964
302318648 50 964
302318652 50 964
302318656 50 964
302318660 50 964
302318664 50 964
302318668 50 964
302318672 50 964
302318676 50 964
302318680 50 964
302318684 50 964
302318688 50 964
302318692 50 964
302318696 50 964
302318700 50 964
302318704 50 964
302318708 50 964
302318712 50 964
302318716 50 964
302318720 50 964
302318852 50 964
302318856 50 964
302318860 50 964
302318864 50 964
302318868 50 964
302318872 50 964
302318876 50 964
302318880 50 964
302318884 50 964
302318888 50 964
302318892 50 964
302318896 50 964
302318900 50 964
302318904 50 964
302318908 50 964
302318912 50 964
302318916 50 964
302318920 50 964
302318924 50 964
302318928 50 964
302318932 50 964
302318936 50 964
302318940 50 964
302318944 50 964
302318948 50 964
302318952 50 964
302318956 50 964
302318960 50 964
302318964 50 964
302318968 50 964
302318972 50 964
302318976 50 964
302319108 50 964
302319112 50 964
302319116 50 964
302319120 50 964
302319124 50 964
302319128 50 964
302319132 50 964
302319136 50 964
302319140 50 964
302319144 50 964
302319148 50 964
302319152 50 964
302319156 50 964
302319160 50 964
302319164 50 964
302319168 50 964
302319172 50 964
302319176 50 964
302319180 50 964
302319184 50 964
302319188 50 964
302319192 50 964
302319196 50 964
302319200 50 964
302319204 50 964
302319208 50 964
302319212 50 964
302319216 50 964
302319220 50 964
302319224 50 964
302319228 50 964
302319232 50 964
302319364 50 964
302319368 50 964
302319372 50 964
302319376 50 964
302319380 50 964
302319384 50 964
302319388 50 964
302319392 50 964
302319396 50 964
302319400 50 964
302319404 50 964
302319408 50 964
302319412 50 964
302319416 50 964
302319420 50 964
302319424 50 964
302319428 50 964
302319432 50 964
302319436 50 964
302319440 50 964
302319444 50 964
302319448 50 964
302319452 50 964
302319456 50 964
302319460 50 964
302319464 50 964
302319468 50 964
302319472 50 964
302319476 50 964
302319480 50 964
302319484 50 964
302319488 50 964
302319620 50 964
302319624 50 964
302319628 50 964
302319632 50 964
302319636 50 964
302319640 50 964
302319644 50 964
302319648 50 964
302319652 50 964
302319656 50 964
302319660 50 964
302319664 50 964
302319668 50 964
302319672 50 964
302319676 50 964
302319680 50 964
302319684 50 964
302319688 50 964
302319692 50 964
302319696 50 964
302319700 50 964
302319704 50 964
302319708 50 964
302319712 50 964
302319716 50 964
302319720 50 964
302319724 50 964
302319728 50 964
302319732 50 964
302319736 50 964
302319740 50 964
302319744 50 964
302319876 50 964
302319880 50 964
302319884 50 964
302319888 50 964
302319892 50 964
302319896 50 964
302319900 50 964
302319904 50 964
302319908 50 964
302319912 50 964
302319916 50 964
302319920 50 964
302319924 50 964
302319928 50 964
302319932 50 964
302319936 50 964
302319940 50 964
302319944 50 964
302319948 50 964
302319952 50 964
302319956 50 964
302319960 50 964
302319964 50 964
302319968 50 964
302319972 50 964
302319976 50 964
302319980 50 964
302319984 50 964
302319988 50 964
302319992 50 964
302319996 50 964
302320000 50 964
302320132 50 964
302320136 50 964
302320140 50 964
302320144 50 964
302320148 50 964
302320152 50 964
302320156 50 964
302320160 50 964
302320164 50 964
302320168 50 964
302320172 50 964
302320176 50 964
302320180 50 964
302320184 50 964
302320188 50 964
302320192 50 964
302320196 50 964
302320200 50 964
302320204 50 964
302320208 50 964
302320212 50 964
302320216 50 964
302320220 50 964
302320224 50 964
302320228 50 964
302320232 50 964
302320236 50 964
302320240 50 964
302320244 50 964
302320248 50 964
302320252 50 964
302320256 50 964
302320388 50 964
302320392 50 964
302320396 50 964
302320400 50 964
302320404 50 964
302320408 50 964
302320412 50 964
302320416 50 964
302320420 50 964
302320424 50 964
302320428 50 964
302320432 50 964
302320436 50 964
302320440 50 964
302320444 50 964
302320448 50 964
302320452 50 964
302320456 50 964
302320460 50 964
302320464 50 964
302320468 50 964
302320472 50 964
302320476 50 964
302320480 50 964
302320484 50 964
302320488 50 964
302320492 50 964
302320496 50 964
302320500 50 964
302320504 50 964
302320508 50 964
302320512 50 964
302320644 50 964
302320648 50 964
302320652 50 964
302320656 50 964
302320660 50 964
302320664 50 964
302320668 50 964
302320672 50 964
302320676 50 964
302320680 50 964
302320684 50 964
302320688 50 964
302320692 50 964
302320696 50 964
302320700 50 964
302320704 50 964
302320708 50 964
302320712 50 964
302320716 50 964
302320720 50 964
302320724 50 964
302320728 50 964
302320732 50 964
302320736 50 964
302320740 50 964
302320744 50 964
302320748 50 964
302320752 50 964
302320756 50 964
302320760 50 964
302320764 50 964
302320768 50 964
302320900 50 964
302320904 50 964
302320908 50 964
302320912 50 964
302320916 50 964
302320920 50 964
302320924 50 964
302320928 50 964
302320932 50 964
302320936 50 964
302320940 50 964
302320944 50 964
302320948 50 964
302320952 50 964
302320956 50 964
302320960 50 964
302320964 50 964
302320968 50 964
302320972 50 964
302320976 50 964
302320980 50 964
302320984 50 964
302320988 50 964
302320992 50 964
302320996 50 964
302321000 50 964
302321004 50 964
302321008 50 964
302321012 50 964
302321016 50 964
302321020 50 964
302321024 50 964
302321156 50 964
302321160 50 964
302321164 50 964
302321168 50 964
302321172 50 964
302321176 50 964
302321180 50 964
302321184 50 964
302321188 50 964
302321192 50 964
302321196 50 964
302321200 50 964
302321204 50 964
302321208 50 964
302321212 50 964
302321216 50 964
302321220 50 964
302321224 50 964
302321228 50 964
302321232 50 964
302321236 50 964
302321240 50 964
302321244 50 964
302321248 50 964
302321252 50 964
302321256 50 964
302321260 50 964
302321264 50 964
302321268 50 964
302321272 50 964
302321276 50 964
302321280 50 964
302321412 50 964
302321416 50 964
302321420 50 964
302321424 50 964
302321428 50 964
302321432 50 964
302321436 50 964
302321440 50 964
302321444 50 964
302321448 50 964
302321452 50 964
302321456 50 964
302321460 50 964
302321464 50 964
302321468 50 964
302321472 50 964
302321476 50 964
302321480 50 964
302321484 50 964
302321488 50 964
302321492 50 964
302321496 50 964
302321500 50 964
302321504 50 964
302321508 50 964
302321512 50 964
302321516 50 964
302321520 50 964
302321524 50 964
302321528 50 964
302321532 50 964
302321536 50 964
302321668 50 964
302321672 50 964
302321676 50 964
302321680 50 964
302321684 50 964
302321688 50 964
302321692 50 964
302321696 50 964
302321700 50 964
302321704 50 964
302321708 50 964
302321712 50 964
302321716 50 964
302321720 50 964
302321724 50 964
302321728 50 964
302321732 50 964
302321736 50 964
302321740 50 964
302321744 50 964
302321748 50 964
302321752 50 964
302321756 50 964
302321760 50 964
302321764 50 964
302321768 50 964
302321772 50 964
302321776 50 964
302321780 50 964
302321784 50 964
302321788 50 964
302321792 50 964
302321924 50 964
302321928 50 964
302321932 50 964
302321936 50 964
302321940 50 964
302321944 50 964
302321948 50 964
302321952 50 964
302321956 50 964
302321960 50 964
302321964 50 964
302321968 50 964
302321972 50 964
302321976 50 964
302321980 50 964
302321984 50 964
302321988 50 964
302321992 50 964
302321996 50 964
302322000 50 964
302322004 50 964
302322008 50 964
302322012 50 964
302322016 50 964
302322020 50 964
302322024 50 964
302322028 50 964
302322032 50 964
302322036 50 964
302322040 50 964
302322044 50 964
302322048 50 964
302322180 50 964
302322184 50 964
302322188 50 964
302322192 50 964
302322196 50 964
302322200 50 964
302322204 50 964
302322208 50 964
302322212 50 964
302322216 50 964
302322220 50 964
302322224 50 964
302322228 50 964
302322232 50 964
302322236 50 964
302322240 50 964
302322244 50 964
302322248 50 964
302322252 50 964
302322256 50 964
302322260 50 964
302322264 50 964
302322268 50 964
302322272 50 964
302322276 50 964
302322280 50 964
302322284 50 964
302322288 50 964
302322292 50 964
302322296 50 964
302322300 50 964
302322304 50 964
302322436 50 964
302322440 50 964
302322444 50 964
302322448 50 964
302322452 50 964
302322456 50 964
302322460 50 964
302322464 50 964
302322468 50 964
302322472 50 964
302322476 50 964
302322480 50 964
302322484 50 964
302322488 50 964
302322492 50 964
302322496 50 964
302322500 50 964
302322504 50 964
302322508 50 964
302322512 50 964
302322516 50 964
302322520 50 964
302322524 50 964
302322528 50 964
302322532 50 964
302322536 50 964
302322540 50 964
302322544 50 964
302322548 50 964
302322552 50 964
302322556 50 964
302322560 50 964
302322692 50 964
302322696 50 964
302322700 50 964
302322704 50 964
302322708 50 964
302322712 50 964
302322716 50 964
302322720 50 964
302322724 50 964
302322728 50 964
302322732 50 964
302322736 50 964
302322740 50 964
302322744 50 964
302322748 50 964
302322752 50 964
302322756 50 964
302322760 50 964
302322764 50 964
302322768 50 964
302322772 50 964
302322776 50 964
302322780 50 964
302322784 50 964
302322788 50 964
302322792 50 964
302322796 50 964
302322800 50 964
302322804 50 964
302322808 50 964
302322812 50 964
302322816 50 964
302322948 50 964
302322952 50 964
302322956 50 964
302322960 50 964
302322964 50 964
302322968 50 964
302322972 50 964
302322976 50 964
302322980 50 964
302322984 50 964
302322988 50 964
302322992 50 964
302322996 50 964
302323000 50 964
302323004 50 964
302323008 50 964
302323012 50 964
302323016 50 964
302323020 50 964
302323024 50 964
302323028 50 964
302323032 50 964
302323036 50 964
302323040 50 964
302323044 50 964
302323048 50 964
302323052 50 964
302323056 50 964
302323060 50 964
302323064 50 964
302323068 50 964
302323072 50 964
302323204 50 964
302323208 50 964
302323212 50 964
302323216 50 964
302323220 50 964
302323224 50 964
302323228 50 964
302323232 50 964
302323236 50 964
302323240 50 964
302323244 50 964
302323248 50 964
302323252 50 964
302323256 50 964
302323260 50 964
302323264 50 964
302323268 50 964
302323272 50 964
302323276 50 964
302323280 50 964
302323284 50 964
302323288 50 964
302323292 50 964
302323296 50 964
302323300 50 964
302323304 50 964
302323308 50 964
302323312 50 964
302323316 50 964
302323320 50 964
302323324 50 964
302323328 50 964
302323460 50 964
302323464 50 964
302323468 50 964
302323472 50 964
302323476 50 964
302323480 50 964
302323484 50 964
302323488 50 964
302323492 50 964
302323496 50 964
302323500 50 964
302323504 50 964
302323508 50 964
302323512 50 964
302323516 50 964
302323520 50 964
302323524 50 964
302323528 50 964
302323532 50 964
302323536 50 964
302323540 50 964
302323544 50 964
302323548 50 964
302323552 50 964
302323556 50 964
302323560 50 964
302323564 50 964
302323568 50 964
302323572 50 964
302323576 50 964
302323580 50 964
302323584 50 964
302323716 50 964
302323720 50 964
302323724 50 964
302323728 50 964
302323732 50 964
302323736 50 964
302323740 50 964
302323744 50 964
302323748 50 964
302323752 50 964
302323756 50 964
302323760 50 964
302323764 50 964
302323768 50 964
302323772 50 964
302323776 50 964
302323780 50 964
302323784 50 964
302323788 50 964
302323792 50 964
302323796 50 964
302323800 50 964
302323804 50 964
302323808 50 964
302323812 50 964
302323816 50 964
302323820 50 964
302323824 50 964
302323828 50 964
302323832 50 964
302323836 50 964
302323840 50 964
302323972 50 964
302323976 50 964
302323980 50 964
302323984 50 964
302323988 50 964
302323992 50 964
302323996 50 964
302324000 50 964
302324004 50 964
302324008 50 964
302324012 50 964
302324016 50 964
302324020 50 964
302324024 50 964
302324028 50 964
302324032 50 964
302324036 50 964
302324040 50 964
302324044 50 964
302324048 50 964
302324052 50 964
302324056 50 964
302324060 50 964
302324064 50 964
302324068 50 964
302324072 50 964
302324076 50 964
302324080 50 964
302324084 50 964
302324088 50 964
302324092 50 964
302324096 50 964
302324228 50 964
302324232 50 964
302324236 50 964
302324240 50 964
302324244 50 964
302324248 50 964
302324252 50 964
302324256 50 964
302324260 50 964
302324264 50 964
302324268 50 964
302324272 50 964
302324276 50 964
302324280 50 964
302324284 50 964
302324288 50 964
302324292 50 964
302324296 50 964
302324300 50 964
302324304 50 964
302324308 50 964
302324312 50 964
302324316 50 964
302324320 50 964
302324324 50 964
302324328 50 964
302324332 50 964
302324336 50 964
302324340 50 964
302324344 50 964
302324348 50 964
302324352 50 964
302324484 50 964
302324488 50 964
302324492 50 964
302324496 50 964
302324500 50 964
302324504 50 964
302324508 50 964
302324512 50 964
302324516 50 964
302324520 50 964
302324524 50 964
302324528 50 964
302324532 50 964
302324536 50 964
302324540 50 964
302324544 50 964
302324548 50 964
302324552 50 964
302324556 50 964
302324560 50 964
302324564 50 964
302324568 50 964
302324572 50 964
302324576 50 964
302324580 50 964
302324584 50 964
302324588 50 964
302324592 50 964
302324596 50 964
302324600 50 964
302324604 50 964
302324608 50 964
302324740 50 964
302324744 50 964
302324748 50 964
302324752 50 964
302324756 50 964
302324760 50 964
302324764 50 964
302324768 50 964
302324772 50 964
302324776 50 964
302324780 50 964
302324784 50 964
302324788 50 964
302324792 50 964
302324796 50 964
302324800 50 964
302324804 50 964
302324808 50 964
302324812 50 964
302324816 50 964
302324820 50 964
302324824 50 964
302324828 50 964
302324832 50 964
302324836 50 964
302324840 50 964
302324844 50 964
302324848 50 964
302324852 50 964
302324856 50 964
302324860 50 964
302324864 50 964
302324996 50 964
302325000 50 964
302325004 50 964
302325008 50 964
302325012 50 964
302325016 50 964
302325020 50 964
302325024 50 964
302325028 50 964
302325032 50 964
302325036 50 964
302325040 50 964
302325044 50 964
302325048 50 964
302325052 50 964
302325056 50 964
302325060 50 964
302325064 50 964
302325068 50 964
302325072 50 964
302325076 50 964
302325080 50 964
302325084 50 964
302325088 50 964
302325092 50 964
302325096 50 964
302325100 50 964
302325104 50 964
302325108 50 964
302325112 50 964
302325116 50 964
302325120 50 964
302325252 50 964
302325256 50 964
302325260 50 964
302325264 50 964
302325268 50 964
302325272 50 964
302325276 50 964
302325280 50 964
302325284 50 964
302325288 50 964
302325292 50 964
302325296 50 964
302325300 50 964
302325304 50 964
302325308 50 964
302325312 50 964
302325316 50 964
302325320 50 964
302325324 50 964
302325328 50 964
302325332 50 964
302325336 50 964
302325340 50 964
302325344 50 964
302325348 50 964
302325352 50 964
302325356 50 964
302325360 50 964
302325364 50 964
302325368 50 964
302325372 50 964
302325376 50 964
302325508 50 964
302325512 50 964
302325516 50 964
302325520 50 964
302325524 50 964
302325528 50 964
302325532 50 964
302325536 50 964
302325540 50 964
302325544 50 964
302325548 50 964
302325552 50 964
302325556 50 964
302325560 50 964
302325564 50 964
302325568 50 964
302325572 50 964
302325576 50 964
302325580 50 964
302325584 50 964
302325588 50 964
302325592 50 964
302325596 50 964
302325600 50 964
302325604 50 964
302325608 50 964
302325612 50 964
302325616 50 964
302325620 50 964
302325624 50 964
302325628 50 964
302325632 50 964
302325764 50 964
302325768 50 964
302325772 50 964
302325776 50 964
302325780 50 964
302325784 50 964
302325788 50 964
302325792 50 964
302325796 50 964
302325800 50 964
302325804 50 964
302325808 50 964
302325812 50 964
302325816 50 964
302325820 50 964
302325824 50 964
302325828 50 964
302325832 50 964
302325836 50 964
302325840 50 964
302325844 50 964
302325848 50 964
302325852 50 964
302325856 50 964
302325860 50 964
302325864 50 964
302325868 50 964
302325872 50 964
302325876 50 964
302325880 50 964
302325884 50 964
302325888 50 964
302326020 50 964
302326024 50 964
302326028 50 964
302326032 50 964
302326036 50 964
302326040 50 964
302326044 50 964
302326048 50 964
302326052 50 964
302326056 50 964
302326060 50 964
302326064 50 964
302326068 50 964
302326072 50 964
302326076 50 964
302326080 50 964
302326084 50 964
302326088 50 964
302326092 50 964
302326096 50 964
302326100 50 964
302326104 50 964
302326108 50 964
302326112 50 964
302326116 50 964
302326120 50 964
302326124 50 964
302326128 50 964
302326132 50 964
302326136 50 964
302326140 50 964
302326144 50 964
302326276 50 964
302326280 50 964
302326284 50 964
302326288 50 964
302326292 50 964
302326296 50 964
302326300 50 964
302326304 50 964
302326308 50 964
302326312 50 964
302326316 50 964
302326320 50 964
302326324 50 964
302326328 50 964
302326332 50 964
302326336 50 964
302326340 50 964
302326344 50 964
302326348 50 964
302326352 50 964
302326356 50 964
302326360 50 964
302326364 50 964
302326368 50 964
302326372 50 964
302326376 50 964
302326380 50 964
302326384 50 964
302326388 50 964
302326392 50 964
302326396 50 964
302326400 50 964
302326532 50 964
302326536 50 964
302326540 50 964
302326544 50 964
302326548 50 964
302326552 50 964
302326556 50 964
302326560 50 964
302326564 50 964
302326568 50 964
302326572 50 964
302326576 50 964
302326580 50 964
302326584 50 964
302326588 50 964
302326592 50 964
302326596 50 964
302326600 50 964
302326604 50 964
302326608 50 964
302326612 50 964
302326616 50 964
302326620 50 964
302326624 50 964
302326628 50 964
302326632 50 964
302326636 50 964
302326640 50 964
302326644 50 964
302326648 50 964
302326652 50 964
302326656 50 964
302326788 50 964
302326792 50 964
302326796 50 964
302326800 50 964
302326804 50 964
302326808 50 964
302326812 50 964
302326816 50 964
302326820 50 964
302326824 50 964
302326828 50 964
302326832 50 964
302326836 50 964
302326840 50 964
302326844 50 964
302326848 50 964
302326852 50 964
302326856 50 964
302326860 50 964
302326864 50 964
302326868 50 964
302326872 50 964
302326876 50 964
302326880 50 964
302326884 50 964
302326888 50 964
302326892 50 964
302326896 50 964
302326900 50 964
302326904 50 964
302326908 50 964
302326912 50 964
302383364 50 964
302383368 50 964
302383372 50 964
302383376 50 964
302383380 50 964
302383384 50 964
302383388 50 964
302383392 50 964
302383396 50 964
302383400 50 964
302383404 50 964
302383408 50 964
302383412 50 964
302383416 50 964
302383420 50 964
302383424 50 964
302383428 50 964
302383432 50 964
302383436 50 964
302383440 50 964
302383444 50 964
302383448 50 964
302383452 50 964
302383456 50 964
302383460 50 964
302383464 50 964
302383468 50 964
302383472 50 964
302383476 50 964
302383480 50 964
302383484 50 964
302383488 50 964
302383492 50 964
302383496 50 964
302383500 50 964
302383504 50 964
302383508 50 964
302383512 50 964
302383516 50 964
302383520 50 964
302383524 50 964
302383528 50 964
302383620 50 964
302383624 50 964
302383628 50 964
302383632 50 964
302383636 50 964
302383640 50 964
302383644 50 964
302383648 50 964
302383652 50 964
302383656 50 964
302383660 50 964
302383664 50 964
302383668 50 964
302383672 50 964
302383676 50 964
302383680 50 964
302383684 50 964
302383688 50 964
302383692 50 964
302383696 50 964
302383700 50 964
302383704 50 964
302383708 50 964
302383712 50 964
302383716 50 964
302383720 50 964
302383724 50 964
302383728 50 964
302383732 50 964
302383736 50 964
302383740 50 964
302383744 50 964
302383748 50 964
302383752 50 964
302383756 50 964
302383760 50 964
302383764 50 964
302383768 50 964
302383772 50 964
302383776 50 964
302383780 50 964
302383784 50 964
302383876 50 964
302383880 50 964
302383884 50 964
302383888 50 964
302383892 50 964
302383896 50 964
302383900 50 964
302383904 50 964
302383908 50 964
302383912 50 964
302383916 50 964
302383920 50 964
302383924 50 964
302383928 50 964
302383932 50 964
302383936 50 964
302383940 50 964
302383944 50 964
302383948 50 964
302383952 50 964
302383956 50 964
302383960 50 964
302383964 50 964
302383968 50 964
302383972 50 964
302383976 50 964
302383980 50 964
302383984 50 964
302383988 50 964
302383992 50 964
302383996 50 964
302384000 50 964
302384004 50 964
302384008 50 964
302384012 50 964
302384016 50 964
302384020 50 964
302384024 50 964
302384028 50 964
302384032 50 964
302384036 50 964
302384040 50 964
302384132 50 964
302384136 50 964
302384140 50 964
302384144 50 964
302384148 50 964
302384152 50 964
302384156 50 964
302384160 50 964
302384164 50 964
302384168 50 964
302384172 50 964
302384176 50 964
302384180 50 964
302384184 50 964
302384188 50 964
302384192 50 964
302384196 50 964
302384200 50 964
302384204 50 964
302384208 50 964
302384212 50 964
302384216 50 964
302384220 50 964
302384224 50 964
302384228 50 964
302384232 50 964
302384236 50 964
302384240 50 964
302384244 50 964
302384248 50 964
302384252 50 964
302384256 50 964
302384260 50 964
302384264 50 964
302384268 50 964
302384272 50 964
302384276 50 964
302384280 50 964
302384284 50 964
302384288 50 964
302384292 50 964
302384296 50 964
302384388 50 964
302384392 50 964
302384396 50 964
302384400 50 964
302384404 50 964
302384408 50 964
302384412 50 964
302384416 50 964
302384420 50 964
302384424 50 964
302384428 50 964
302384432 50 964
302384436 50 964
302384440 50 964
302384444 50 964
302384448 50 964
302384452 50 964
302384456 50 964
302384460 50 964
302384464 50 964
302384468 50 964
302384472 50 964
302384476 50 964
302384480 50 964
302384484 50 964
302384488 50 964
302384492 50 964
302384496 50 964
302384500 50 964
302384504 50 964
302384508 50 964
302384512 50 964
302384516 50 964
302384520 50 964
302384524 50 964
302384528 50 964
302384532 50 964
302384536 50 964
302384540 50 964
302384544 50 964
302384548 50 964
302384552 50 964
302384644 50 964
302384648 50 964
302384652 50 964
302384656 50 964
302384660 50 964
302384664 50 964
302384668 50 964
302384672 50 964
302384676 50 964
302384680 50 964
302384684 50 964
302384688 50 964
302384692 50 964
302384696 50 964
302384700 50 964
302384704 50 964
302384708 50 964
302384712 50 964
302384716 50 964
302384720 50 964
302384724 50 964
302384728 50 964
302384732 50 964
302384736 50 964
302384740 50 964
302384744 50 964
302384748 50 964
302384752 50 964
302384756 50 964
302384760 50 964
302384764 50 964
302384768 50 964
302384772 50 964
302384776 50 964
302384780 50 964
302384784 50 964
302384788 50 964
302384792 50 964
302384796 50 964
302384800 50 964
302384804 50 964
302384808 50 964
302384900 50 964
302384904 50 964
302384908 50 964
302384912 50 964
302384916 50 964
302384920 50 964
302384924 50 964
302384928 50 964
302384932 50 964
302384936 50 964
302384940 50 964
302384944 50 964
302384948 50 964
302384952 50 964
302384956 50 964
302384960 50 964
302384964 50 964
302384968 50 964
302384972 50 964
302384976 50 964
302384980 50 964
302384984 50 964
302384988 50 964
302384992 50 964
302384996 50 964
302385000 50 964
302385004 50 964
302385008 50 964
302385012 50 964
302385016 50 964
302385020 50 964
302385024 50 964
302385028 50 964
302385032 50 964
302385036 50 964
302385040 50 964
302385044 50 964
302385048 50 964
302385052 50 964
302385056 50 964
302385060 50 964
302385064 50 964
302385156 50 964
302385160 50 964
302385164 50 964
302385168 50 964
302385172 50 964
302385176 50 964
302385180 50 964
302385184 50 964
302385188 50 964
302385192 50 964
302385196 50 964
302385200 50 964
302385204 50 964
302385208 50 964
302385212 50 964
302385216 50 964
302385220 50 964
302385224 50 964
302385228 50 964
302385232 50 964
302385236 50 964
302385240 50 964
302385244 50 964
302385248 50 964
302385252 50 964
302385256 50 964
302385260 50 964
302385264 50 964
302385268 50 964
302385272 50 964
302385276 50 964
302385280 50 964
302385284 50 964
302385288 50 964
302385292 50 964
302385296 50 964
302385300 50 964
302385304 50 964
302385308 50 964
302385312 50 964
302385316 50 964
302385320 50 964
302385412 50 964
302385416 50 964
302385420 50 964
302385424 50 964
302385428 50 964
302385432 50 964
302385436 50 964
302385440 50 964
302385444 50 964
302385448 50 964
302385452 50 964
302385456 50 964
302385460 50 964
302385464 50 964
302385468 50 964
302385472 50 964
302385476 50 964
302385480 50 964
302385484 50 964
302385488 50 964
302385492 50 964
302385496 50 964
302385500 50 964
302385504 50 964
302385508 50 964
302385512 50 964
302385516 50 964
302385520 50 964
302385524 50 964
302385528 50 964
302385532 50 964
302385536 50 964
302385540 50 964
302385544 50 964
302385548 50 964
302385552 50 964
302385556 50 964
302385560 50 964
302385564 50 964
302385568 50 964
302385572 50 964
302385576 50 964
302385668 50 964
302385672 50 964
302385676 50 964
302385680 50 964
302385684 50 964
302385688 50 964
302385692 50 964
302385696 50 964
302385700 50 964
302385704 50 964
302385708 50 964
302385712 50 964
302385716 50 964
302385720 50 964
302385724 50 964
302385728 50 964
302385732 50 964
302385736 50 964
302385740 50 964
302385744 50 964
302385748 50 964
302385752 50 964
302385756 50 964
302385760 50 964
302385764 50 964
302385768 50 964
302385772 50 964
302385776 50 964
302385780 50 964
302385784 50 964
302385788 50 964
302385792 50 964
302385796 50 964
302385800 50 964
302385804 50 964
302385808 50 964
302385812 50 964
302385816 50 964
302385820 50 964
302385824 50 964
302385828 50 964
302385832 50 964
302385924 50 964
302385928 50 964
302385932 50 964
302385936 50 964
302385940 50 964
302385944 50 964
302385948 50 964
302385952 50 964
302385956 50 964
302385960 50 964
302385964 50 964
302385968 50 964
302385972 50 964
302385976 50 964
302385980 50 964
302385984 50 964
302385988 50 964
302385992 50 964
302385996 50 964
302386000 50 964
302386004 50 964
302386008 50 964
302386012 50 964
302386016 50 964
302386020 50 964
302386024 50 964
302386028 50 964
302386032 50 964
302386036 50 964
302386040 50 964
302386044 50 964
302386048 50 964
302386052 50 964
302386056 50 964
302386060 50 964
302386064 50 964
302386068 50 964
302386072 50 964
302386076 50 964
302386080 50 964
302386084 50 964
302386088 50 964
302386180 50 964
302386184 50 964
302386188 50 964
302386192 50 964
302386196 50 964
302386200 50 964
302386204 50 964
302386208 50 964
302386212 50 964
302386216 50 964
302386220 50 964
302386224 50 964
302386228 50 964
302386232 50 964
302386236 50 964
302386240 50 964
302386244 50 964
302386248 50 964
302386252 50 964
302386256 50 964
302386260 50 964
302386264 50 964
302386268 50 964
302386272 50 964
302386276 50 964
302386280 50 964
302386284 50 964
302386288 50 964
302386292 50 964
302386296 50 964
302386300 50 964
302386304 50 964
302386308 50 964
302386312 50 964
302386316 50 964
302386320 50 964
302386324 50 964
302386328 50 964
302386332 50 964
302386336 50 964
302386340 50 964
302386344 50 964
302386436 50 964
302386440 50 964
302386444 50 964
302386448 50 964
302386452 50 964
302386456 50 964
302386460 50 964
302386464 50 964
302386468 50 964
302386472 50 964
302386476 50 964
302386480 50 964
302386484 50 964
302386488 50 964
302386492 50 964
302386496 50 964
302386500 50 964
302386504 50 964
302386508 50 964
302386512 50 964
302386516 50 964
302386520 50 964
302386524 50 964
302386528 50 964
302386532 50 964
302386536 50 964
302386540 50 964
302386544 50 964
302386548 50 964
302386552 50 964
302386556 50 964
302386560 50 964
302386564 50 964
302386568 50 964
302386572 50 964
302386576 50 964
302386580 50 964
302386584 50 964
302386588 50 964
302386592 50 964
302386596 50 964
302386600 50 964
302386692 50 964
302386696 50 964
302386700 50 964
302386704 50 964
302386708 50 964
302386712 50 964
302386716 50 964
302386720 50 964
302386724 50 964
302386728 50 964
302386732 50 964
302386736 50 964
302386740 50 964
302386744 50 964
302386748 50 964
302386752 50 964
302386756 50 964
302386760 50 964
302386764 50 964
302386768 50 964
302386772 50 964
302386776 50 964
302386780 50 964
302386784 50 964
302386788 50 964
302386792 50 964
302386796 50 964
302386800 50 964
302386804 50 964
302386808 50 964
302386812 50 964
302386816 50 964
302386820 50 964
302386824 50 964
302386828 50 964
302386832 50 964
302386836 50 964
302386840 50 964
302386844 50 964
302386848 50 964
302386852 50 964
302386856 50 964
302386948 50 964
302386952 50 964
302386956 50 964
302386960 50 964
302386964 50 964
302386968 50 964
302386972 50 964
302386976 50 964
302386980 50 964
302386984 50 964
302386988 50 964
302386992 50 964
302386996 50 964
302387000 50 964
302387004 50 964
302387008 50 964
302387012 50 964
302387016 50 964
302387020 50 964
302387024 50 964
302387028 50 964
302387032 50 964
302387036 50 964
302387040 50 964
302387044 50 964
302387048 50 964
302387052 50 964
302387056 50 964
302387060 50 964
302387064 50 964
302387068 50 964
302387072 50 964
302387076 50 964
302387080 50 964
302387084 50 964
302387088 50 964
302387092 50 964
302387096 50 964
302387100 50 964
302387104 50 964
302387108 50 964
302387112 50 964
302387204 50 964
302387208 50 964
302387212 50 964
302387216 50 964
302387220 50 964
302387224 50 964
302387228 50 964
302387232 50 964
302387236 50 964
302387240 50 964
302387244 50 964
302387248 50 964
302387252 50 964
302387256 50 964
302387260 50 964
302387264 50 964
302387268 50 964
302387272 50 964
302387276 50 964
302387280 50 964
302387284 50 964
302387288 50 964
302387292 50 964
302387296 50 964
302387300 50 964
302387304 50 964
302387308 50 964
302387312 50 964
302387316 50 964
302387320 50 964
302387324 50 964
302387328 50 964
302387332 50 964
302387336 50 964
302387340 50 964
302387344 50 964
302387348 50 964
302387352 50 964
302387356 50 964
302387360 50 964
302387364 50 964
302387368 50 964
302387460 50 964
302387464 50 964
302387468 50 964
302387472 50 964
302387476 50 964
302387480 50 964
302387484 50 964
302387488 50 964
302387492 50 964
302387496 50 964
302387500 50 964
302387504 50 964
302387508 50 964
302387512 50 964
302387516 50 964
302387520 50 964
302387524 50 964
302387528 50 964
302387532 50 964
302387536 50 964
302387540 50 964
302387544 50 964
302387548 50 964
302387552 50 964
302387556 50 964
302387560 50 964
302387564 50 964
302387568 50 964
302387572 50 964
302387576 50 964
302387580 50 964
302387584 50 964
302387588 50 964
302387592 50 964
302387596 50 964
302387600 50 964
302387604 50 964
302387608 50 964
302387612 50 964
302387616 50 964
302387620 50 964
302387624 50 964
302387716 50 964
302387720 50 964
302387724 50 964
302387728 50 964
302387732 50 964
302387736 50 964
302387740 50 964
302387744 50 964
302387748 50 964
302387752 50 964
302387756 50 964
302387760 50 964
302387764 50 964
302387768 50 964
302387772 50 964
302387776 50 964
302387780 50 964
302387784 50 964
302387788 50 964
302387792 50 964
302387796 50 964
302387800 50 964
302387804 50 964
302387808 50 964
302387812 50 964
302387816 50 964
302387820 50 964
302387824 50 964
302387828 50 964
302387832 50 964
302387836 50 964
302387840 50 964
302387844 50 964
302387848 50 964
302387852 50 964
302387856 50 964
302387860 50 964
302387864 50 964
302387868 50 964
302387872 50 964
302387876 50 964
302387880 50 964
302387972 50 964
302387976 50 964
302387980 50 964
302387984 50 964
302387988 50 964
302387992 50 964
302387996 50 964
302388000 50 964
302388004 50 964
302388008 50 964
302388012 50 964
302388016 50 964
302388020 50 964
302388024 50 964
302388028 50 964
302388032 50 964
302388036 50 964
302388040 50 964
302388044 50 964
302388048 50 964
302388052 50 964
302388056 50 964
302388060 50 964
302388064 50 964
302388068 50 964
302388072 50 964
302388076 50 964
302388080 50 964
302388084 50 964
302388088 50 964
302388092 50 964
302388096 50 964
302388100 50 964
302388104 50 964
302388108 50 964
302388112 50 964
302388116 50 964
302388120 50 964
302388124 50 964
302388128 50 964
302388132 50 964
302388136 50 964
302388228 50 964
302388232 50 964
302388236 50 964
302388240 50 964
302388244 50 964
302388248 50 964
302388252 50 964
302388256 50 964
302388260 50 964
302388264 50 964
302388268 50 964
302388272 50 964
302388276 50 964
302388280 50 964
302388284 50 964
302388288 50 964
302388292 50 964
302388296 50 964
302388300 50 964
302388304 50 964
302388308 50 964
302388312 50 964
302388316 50 964
302388320 50 964
302388324 50 964
302388328 50 964
302388332 50 964
302388336 50 964
302388340 50 964
302388344 50 964
302388348 50 964
302388352 50 964
302388356 50 964
302388360 50 964
302388364 50 964
302388368 50 964
302388372 50 964
302388376 50 964
302388380 50 964
302388384 50 964
302388388 50 964
302388392 50 964
302388484 50 964
302388488 50 964
302388492 50 964
302388496 50 964
302388500 50 964
302388504 50 964
302388508 50 964
302388512 50 964
302388516 50 964
302388520 50 964
302388524 50 964
302388528 50 964
302388532 50 964
302388536 50 964
302388540 50 964
302388544 50 964
302388548 50 964
302388552 50 964
302388556 50 964
302388560 50 964
302388564 50 964
302388568 50 964
302388572 50 964
302388576 50 964
302388580 50 964
302388584 50 964
302388588 50 964
302388592 50 964
302388596 50 964
302388600 50 964
302388604 50 964
302388608 50 964
302388612 50 964
302388616 50 964
302388620 50 964
302388624 50 964
302388628 50 964
302388632 50 964
302388636 50 964
302388640 50 964
302388644 50 964
302388648 50 964
302388740 50 964
302388744 50 964
302388748 50 964
302388752 50 964
302388756 50 964
302388760 50 964
302388764 50 964
302388768 50 964
302388772 50 964
302388776 50 964
302388780 50 964
302388784 50 964
302388788 50 964
302388792 50 964
302388796 50 964
302388800 50 964
302388804 50 964
302388808 50 964
302388812 50 964
302388816 50 964
302388820 50 964
302388824 50 964
302388828 50 964
302388832 50 964
302388836 50 964
302388840 50 964
302388844 50 964
302388848 50 964
302388852 50 964
302388856 50 964
302388860 50 964
302388864 50 964
302388868 50 964
302388872 50 964
302388876 50 964
302388880 50 964
302388884 50 964
302388888 50 964
302388892 50 964
302388896 50 964
302388900 50 964
302388904 50 964
302388996 50 964
302389000 50 964
302389004 50 964
302389008 50 964
302389012 50 964
302389016 50 964
302389020 50 964
302389024 50 964
302389028 50 964
302389032 50 964
302389036 50 964
302389040 50 964
302389044 50 964
302389048 50 964
302389052 50 964
302389056 50 964
302389060 50 964
302389064 50 964
302389068 50 964
302389072 50 964
302389076 50 964
302389080 50 964
302389084 50 964
302389088 50 964
302389092 50 964
302389096 50 964
302389100 50 964
302389104 50 964
302389108 50 964
302389112 50 964
302389116 50 964
302389120 50 964
302389124 50 964
302389128 50 964
302389132 50 964
302389136 50 964
302389140 50 964
302389144 50 964
302389148 50 964
302389152 50 964
302389156 50 964
302389160 50 964
302389252 50 964
302389256 50 964
302389260 50 964
302389264 50 964
302389268 50 964
302389272 50 964
302389276 50 964
302389280 50 964
302389284 50 964
302389288 50 964
302389292 50 964
302389296 50 964
302389300 50 964
302389304 50 964
302389308 50 964
302389312 50 964
302389316 50 964
302389320 50 964
302389324 50 964
302389328 50 964
302389332 50 964
302389336 50 964
302389340 50 964
302389344 50 964
302389348 50 964
302389352 50 964
302389356 50 964
302389360 50 964
302389364 50 964
302389368 50 964
302389372 50 964
302389376 50 964
302389380 50 964
302389384 50 964
302389388 50 964
302389392 50 964
302389396 50 964
302389400 50 964
302389404 50 964
302389408 50 964
302389412 50 964
302389416 50 964
302389508 50 964
302389512 50 964
302389516 50 964
302389520 50 964
302389524 50 964
302389528 50 964
302389532 50 964
302389536 50 964
302389540 50 964
302389544 50 964
302389548 50 964
302389552 50 964
302389556 50 964
302389560 50 964
302389564 50 964
302389568 50 964
302389572 50 964
302389576 50 964
302389580 50 964
302389584 50 964
302389588 50 964
302389592 50 964
302389596 50 964
302389600 50 964
302389604 50 964
302389608 50 964
302389612 50 964
302389616 50 964
302389620 50 964
302389624 50 964
302389628 50 964
302389632 50 964
302389636 50 964
302389640 50 964
302389644 50 964
302389648 50 964
302389652 50 964
302389656 50 964
302389660 50 964
302389664 50 964
302389668 50 964
302389672 50 964
302389764 50 964
302389768 50 964
302389772 50 964
302389776 50 964
302389780 50 964
302389784 50 964
302389788 50 964
302389792 50 964
302389796 50 964
302389800 50 964
302389804 50 964
302389808 50 964
302389812 50 964
302389816 50 964
302389820 50 964
302389824 50 964
302389828 50 964
302389832 50 964
302389836 50 964
302389840 50 964
302389844 50 964
302389848 50 964
302389852 50 964
302389856 50 964
302389860 50 964
302389864 50 964
302389868 50 964
302389872 50 964
302389876 50 964
302389880 50 964
302389884 50 964
302389888 50 964
302389892 50 964
302389896 50 964
302389900 50 964
302389904 50 964
302389908 50 964
302389912 50 964
302389916 50 964
302389920 50 964
302389924 50 964
302389928 50 964
302390020 50 964
302390024 50 964
302390028 50 964
302390032 50 964
302390036 50 964
302390040 50 964
302390044 50 964
302390048 50 964
302390052 50 964
302390056 50 964
302390060 50 964
302390064 50 964
302390068 50 964
302390072 50 964
302390076 50 964
302390080 50 964
302390084 50 964
302390088 50 964
302390092 50 964
302390096 50 964
302390100 50 964
302390104 50 964
302390108 50 964
302390112 50 964
302390116 50 964
302390120 50 964
302390124 50 964
302390128 50 964
302390132 50 964
302390136 50 964
302390140 50 964
302390144 50 964
302390148 50 964
302390152 50 964
302390156 50 964
302390160 50 964
302390164 50 964
302390168 50 964
302390172 50 964
302390176 50 964
302390180 50 964
302390184 50 964
302390276 50 964
302390280 50 964
302390284 50 964
302390288 50 964
302390292 50 964
302390296 50 964
302390300 50 964
302390304 50 964
302390308 50 964
302390312 50 964
302390316 50 964
302390320 50 964
302390324 50 964
302390328 50 964
302390332 50 964
302390336 50 964
302390340 50 964
302390344 50 964
302390348 50 964
302390352 50 964
302390356 50 964
302390360 50 964
302390364 50 964
302390368 50 964
302390372 50 964
302390376 50 964
302390380 50 964
302390384 50 964
302390388 50 964
302390392 50 964
302390396 50 964
302390400 50 964
302390404 50 964
302390408 50 964
302390412 50 964
302390416 50 964
302390420 50 964
302390424 50 964
302390428 50 964
302390432 50 964
302390436 50 964
302390440 50 964
302390532 50 964
302390536 50 964
302390540 50 964
302390544 50 964
302390548 50 964
302390552 50 964
302390556 50 964
302390560 50 964
302390564 50 964
302390568 50 964
302390572 50 964
302390576 50 964
302390580 50 964
302390584 50 964
302390588 50 964
302390592 50 964
302390596 50 964
302390600 50 964
302390604 50 964
302390608 50 964
302390612 50 964
302390616 50 964
302390620 50 964
302390624 50 964
302390628 50 964
302390632 50 964
302390636 50 964
302390640 50 964
302390644 50 964
302390648 50 964
302390652 50 964
302390656 50 964
302390660 50 964
302390664 50 964
302390668 50 964
302390672 50 964
302390676 50 964
302390680 50 964
302390684 50 964
302390688 50 964
302390692 50 964
302390696 50 964
302390788 50 964
302390792 50 964
302390796 50 964
302390800 50 964
302390804 50 964
302390808 50 964
302390812 50 964
302390816 50 964
302390820 50 964
302390824 50 964
302390828 50 964
302390832 50 964
302390836 50 964
302390840 50 964
302390844 50 964
302390848 50 964
302390852 50 964
302390856 50 964
302390860 50 964
302390864 50 964
302390868 50 964
302390872 50 964
302390876 50 964
302390880 50 964
302390884 50 964
302390888 50 964
302390892 50 964
302390896 50 964
302390900 50 964
302390904 50 964
302390908 50 964
302390912 50 964
302390916 50 964
302390920 50 964
302390924 50 964
302390928 50 964
302390932 50 964
302390936 50 964
302390940 50 964
302390944 50 964
302390948 50 964
302390952 50 964
302391044 50 964
302391048 50 964
302391052 50 964
302391056 50 964
302391060 50 964
302391064 50 964
302391068 50 964
302391072 50 964
302391076 50 964
302391080 50 964
302391084 50 964
302391088 50 964
302391092 50 964
302391096 50 964
302391100 50 964
302391104 50 964
302391108 50 964
302391112 50 964
302391116 50 964
302391120 50 964
302391124 50 964
302391128 50 964
302391132 50 964
302391136 50 964
302391140 50 964
302391144 50 964
302391148 50 964
302391152 50 964
302391156 50 964
302391160 50 964
302391164 50 964
302391168 50 964
302391172 50 964
302391176 50 964
302391180 50 964
302391184 50 964
302391188 50 964
302391192 50 964
302391196 50 964
302391200 50 964
302391204 50 964
302391208 50 964
302391300 50 964
302391304 50 964
302391308 50 964
302391312 50 964
302391316 50 964
302391320 50 964
302391324 50 964
302391328 50 964
302391332 50 964
302391336 50 964
302391340 50 964
302391344 50 964
302391348 50 964
302391352 50 964
302391356 50 964
302391360 50 964
302391364 50 964
302391368 50 964
302391372 50 964
302391376 50 964
302391380 50 964
302391384 50 964
302391388 50 964
302391392 50 964
302391396 50 964
302391400 50 964
302391404 50 964
302391408 50 964
302391412 50 964
302391416 50 964
302391420 50 964
302391424 50 964
302391428 50 964
302391432 50 964
302391436 50 964
302391440 50 964
302391444 50 964
302391448 50 964
302391452 50 964
302391456 50 964
302391460 50 964
302391464 50 964
302391556 50 964
302391560 50 964
302391564 50 964
302391568 50 964
302391572 50 964
302391576 50 964
302391580 50 964
302391584 50 964
302391588 50 964
302391592 50 964
302391596 50 964
302391600 50 964
302391604 50 964
302391608 50 964
302391612 50 964
302391616 50 964
302391620 50 964
302391624 50 964
302391628 50 964
302391632 50 964
302391636 50 964
302391640 50 964
302391644 50 964
302391648 50 964
302391652 50 964
302391656 50 964
302391660 50 964
302391664 50 964
302391668 50 964
302391672 50 964
302391676 50 964
302391680 50 964
302391684 50 964
302391688 50 964
302391692 50 964
302391696 50 964
302391700 50 964
302391704 50 964
302391708 50 964
302391712 50 964
302391716 50 964
302391720 50 964
302391812 50 964
302391816 50 964
302391820 50 964
302391824 50 964
302391828 50 964
302391832 50 964
302391836 50 964
302391840 50 964
302391844 50 964
302391848 50 964
302391852 50 964
302391856 50 964
302391860 50 964
302391864 50 964
302391868 50 964
302391872 50 964
302391876 50 964
302391880 50 964
302391884 50 964
302391888 50 964
302391892 50 964
302391896 50 964
302391900 50 964
302391904 50 964
302391908 50 964
302391912 50 964
302391916 50 964
302391920 50 964
302391924 50 964
302391928 50 964
302391932 50 964
302391936 50 964
302391940 50 964
302391944 50 964
302391948 50 964
302391952 50 964
302391956 50 964
302391960 50 964
302391964 50 964
302391968 50 964
302391972 50 964
302391976 50 964
302392068 50 964
302392072 50 964
302392076 50 964
302392080 50 964
302392084 50 964
302392088 50 964
302392092 50 964
302392096 50 964
302392100 50 964
302392104 50 964
302392108 50 964
302392112 50 964
302392116 50 964
302392120 50 964
302392124 50 964
302392128 50 964
302392132 50 964
302392136 50 964
302392140 50 964
302392144 50 964
302392148 50 964
302392152 50 964
302392156 50 964
302392160 50 964
302392164 50 964
302392168 50 964
302392172 50 964
302392176 50 964
302392180 50 964
302392184 50 964
302392188 50 964
302392192 50 964
302392196 50 964
302392200 50 964
302392204 50 964
302392208 50 964
302392212 50 964
302392216 50 964
302392220 50 964
302392224 50 964
302392228 50 964
302392232 50 964
302392324 50 964
302392328 50 964
302392332 50 964
302392336 50 964
302392340 50 964
302392344 50 964
302392348 50 964
302392352 50 964
302392356 50 964
302392360 50 964
302392364 50 964
302392368 50 964
302392372 50 964
302392376 50 964
302392380 50 964
302392384 50 964
302392388 50 964
302392392 50 964
302392396 50 964
302392400 50 964
302392404 50 964
302392408 50 964
302392412 50 964
302392416 50 964
302392420 50 964
302392424 50 964
302392428 50 964
302392432 50 964
302392436 50 964
302392440 50 964
302392444 50 964
302392448 50 964
302392452 50 964
302392456 50 964
302392460 50 964
302392464 50 964
302392468 50 964
302392472 50 964
302392476 50 964
302392480 50 964
302392484 50 964
302392488 50 964
302392580 50 964
302392584 50 964
302392588 50 964
302392592 50 964
302392596 50 964
302392600 50 964
302392604 50 964
302392608 50 964
302392612 50 964
302392616 50 964
302392620 50 964
302392624 50 964
302392628 50 964
302392632 50 964
302392636 50 964
302392640 50 964
302392644 50 964
302392648 50 964
302392652 50 964
302392656 50 964
302392660 50 964
302392664 50 964
302392668 50 964
302392672 50 964
302392676 50 964
302392680 50 964
302392684 50 964
302392688 50 964
302392692 50 964
302392696 50 964
302392700 50 964
302392704 50 964
302392708 50 964
302392712 50 964
302392716 50 964
302392720 50 964
302392724 50 964
302392728 50 964
302392732 50 964
302392736 50 964
302392740 50 964
302392744 50 964
302392836 50 964
302392840 50 964
302392844 50 964
302392848 50 964
302392852 50 964
302392856 50 964
302392860 50 964
302392864 50 964
302392868 50 964
302392872 50 964
302392876 50 964
302392880 50 964
302392884 50 964
302392888 50 964
302392892 50 964
302392896 50 964
302392900 50 964
302392904 50 964
302392908 50 964
302392912 50 964
302392916 50 964
302392920 50 964
302392924 50 964
302392928 50 964
302392932 50 964
302392936 50 964
302392940 50 964
302392944 50 964
302392948 50 964
302392952 50 964
302392956 50 964
302392960 50 964
302392964 50 964
302392968 50 964
302392972 50 964
302392976 50 964
302392980 50 964
302392984 50 964
302392988 50 964
302392992 50 964
302392996 50 964
302393000 50 964
302393092 50 964
302393096 50 964
302393100 50 964
302393104 50 964
302393108 50 964
302393112 50 964
302393116 50 964
302393120 50 964
302393124 50 964
302393128 50 964
302393132 50 964
302393136 50 964
302393140 50 964
302393144 50 964
302393148 50 964
302393152 50 964
302393156 50 964
302393160 50 964
302393164 50 964
302393168 50 964
302393172 50 964
302393176 50 964
302393180 50 964
302393184 50 964
302393188 50 964
302393192 50 964
302393196 50 964
302393200 50 964
302393204 50 964
302393208 50 964
302393212 50 964
302393216 50 964
302393220 50 964
302393224 50 964
302393228 50 964
302393232 50 964
302393236 50 964
302393240 50 964
302393244 50 964
302393248 50 964
302393252 50 964
302393256 50 964
302393348 50 964
302393352 50 964
302393356 50 964
302393360 50 964
302393364 50 964
302393368 50 964
302393372 50 964
302393376 50 964
302393380 50 964
302393384 50 964
302393388 50 964
302393392 50 964
302393396 50 964
302393400 50 964
302393404 50 964
302393408 50 964
302393412 50 964
302393416 50 964
302393420 50 964
302393424 50 964
302393428 50 964
302393432 50 964
302393436 50 964
302393440 50 964
302393444 50 964
302393448 50 964
302393452 50 964
302393456 50 964
302393460 50 964
302393464 50 964
302393468 50 964
302393472 50 964
302393476 50 964
302393480 50 964
302393484 50 964
302393488 50 964
302393492 50 964
302393496 50 964
302393500 50 964
302393504 50 964
302393508 50 964
302393512 50 964
302393604 50 964
302393608 50 964
302393612 50 964
302393616 50 964
302393620 50 964
302393624 50 964
302393628 50 964
302393632 50 964
302393636 50 964
302393640 50 964
302393644 50 964
302393648 50 964
302393652 50 964
302393656 50 964
302393660 50 964
302393664 50 964
302393668 50 964
302393672 50 964
302393676 50 964
302393680 50 964
302393684 50 964
302393688 50 964
302393692 50 964
302393696 50 964
302393700 50 964
302393704 50 964
302393708 50 964
302393712 50 964
302393716 50 964
302393720 50 964
302393724 50 964
302393728 50 964
302393732 50 964
302393736 50 964
302393740 50 964
302393744 50 964
302393748 50 964
302393752 50 964
302393756 50 964
302393760 50 964
302393764 50 964
302393768 50 964
302393860 50 964
302393864 50 964
302393868 50 964
302393872 50 964
302393876 50 964
302393880 50 964
302393884 50 964
302393888 50 964
302393892 50 964
302393896 50 964
302393900 50 964
302393904 50 964
302393908 50 964
302393912 50 964
302393916 50 964
302393920 50 964
302393924 50 964
302393928 50 964
302393932 50 964
302393936 50 964
302393940 50 964
302393944 50 964
302393948 50 964
302393952 50 964
302393956 50 964
302393960 50 964
302393964 50 964
302393968 50 964
302393972 50 964
302393976 50 964
302393980 50 964
302393984 50 964
302393988 50 964
302393992 50 964
302393996 50 964
302394000 50 964
302394004 50 964
302394008 50 964
302394012 50 964
302394016 50 964
302394020 50 964
302394024 50 964
302394116 50 964
302394120 50 964
302394124 50 964
302394128 50 964
302394132 50 964
302394136 50 964
302394140 50 964
302394144 50 964
302394148 50 964
302394152 50 964
302394156 50 964
302394160 50 964
302394164 50 964
302394168 50 964
302394172 50 964
302394176 50 964
302394180 50 964
302394184 50 964
302394188 50 964
302394192 50 964
302394196 50 964
302394200 50 964
302394204 50 964
302394208 50 964
302394212 50 964
302394216 50 964
302394220 50 964
302394224 50 964
302394228 50 964
302394232 50 964
302394236 50 964
302394240 50 964
302394244 50 964
302394248 50 964
302394252 50 964
302394256 50 964
302394260 50 964
302394264 50 964
302394268 50 964
302394272 50 964
302394276 50 964
302394280 50 964
302394372 50 964
302394376 50 964
302394380 50 964
302394384 50 964
302394388 50 964
302394392 50 964
302394396 50 964
302394400 50 964
302394404 50 964
302394408 50 964
302394412 50 964
302394416 50 964
302394420 50 964
302394424 50 964
302394428 50 964
302394432 50 964
302394436 50 964
302394440 50 964
302394444 50 964
302394448 50 964
302394452 50 964
302394456 50 964
302394460 50 964
302394464 50 964
302394468 50 964
302394472 50 964
302394476 50 964
302394480 50 964
302394484 50 964
302394488 50 964
302394492 50 964
302394496 50 964
302394500 50 964
302394504 50 964
302394508 50 964
302394512 50 964
302394516 50 964
302394520 50 964
302394524 50 964
302394528 50 964
302394532 50 964
302394536 50 964
302394628 50 964
302394632 50 964
302394636 50 964
302394640 50 964
302394644 50 964
302394648 50 964
302394652 50 964
302394656 50 964
302394660 50 964
302394664 50 964
302394668 50 964
302394672 50 964
302394676 50 964
302394680 50 964
302394684 50 964
302394688 50 964
302394692 50 964
302394696 50 964
302394700 50 964
302394704 50 964
302394708 50 964
302394712 50 964
302394716 50 964
302394720 50 964
302394724 50 964
302394728 50 964
302394732 50 964
302394736 50 964
302394740 50 964
302394744 50 964
302394748 50 964
302394752 50 964
302394756 50 964
302394760 50 964
302394764 50 964
302394768 50 964
302394772 50 964
302394776 50 964
302394780 50 964
302394784 50 964
302394788 50 964
302394792 50 964
302394884 50 964
302394888 50 964
302394892 50 964
302394896 50 964
302394900 50 964
302394904 50 964
302394908 50 964
302394912 50 964
302394916 50 964
302394920 50 964
302394924 50 964
302394928 50 964
302394932 50 964
302394936 50 964
302394940 50 964
302394944 50 964
302394948 50 964
302394952 50 964
302394956 50 964
302394960 50 964
302394964 50 964
302394968 50 964
302394972 50 964
302394976 50 964
302394980 50 964
302394984 50 964
302394988 50 964
302394992 50 964
302394996 50 964
302395000 50 964
302395004 50 964
302395008 50 964
302395012 50 964
302395016 50 964
302395020 50 964
302395024 50 964
302395028 50 964
302395032 50 964
302395036 50 964
302395040 50 964
302395044 50 964
302395048 50 964
302395140 50 964
302395144 50 964
302395148 50 964
302395152 50 964
302395156 50 964
302395160 50 964
302395164 50 964
302395168 50 964
302395172 50 964
302395176 50 964
302395180 50 964
302395184 50 964
302395188 50 964
302395192 50 964
302395196 50 964
302395200 50 964
302395204 50 964
302395208 50 964
302395212 50 964
302395216 50 964
302395220 50 964
302395224 50 964
302395228 50 964
302395232 50 964
302395236 50 964
302395240 50 964
302395244 50 964
302395248 50 964
302395252 50 964
302395256 50 964
302395260 50 964
302395264 50 964
302395268 50 964
302395272 50 964
302395276 50 964
302395280 50 964
302395284 50 964
302395288 50 964
302395292 50 964
302395296 50 964
302395300 50 964
302395304 50 964
302395396 50 964
302395400 50 964
302395404 50 964
302395408 50 964
302395412 50 964
302395416 50 964
302395420 50 964
302395424 50 964
302395428 50 964
302395432 50 964
302395436 50 964
302395440 50 964
302395444 50 964
302395448 50 964
302395452 50 964
302395456 50 964
302395460 50 964
302395464 50 964
302395468 50 964
302395472 50 964
302395476 50 964
302395480 50 964
302395484 50 964
302395488 50 964
302395492 50 964
302395496 50 964
302395500 50 964
302395504 50 964
302395508 50 964
302395512 50 964
302395516 50 964
302395520 50 964
302395524 50 964
302395528 50 964
302395532 50 964
302395536 50 964
302395540 50 964
302395544 50 964
302395548 50 964
302395552 50 964
302395556 50 964
302395560 50 964
352388356 104 80
352388360 156 160
352388364 208 160
352388368 260 80
352389380 104 80
352389384 156 160
352389388 208 160
352389392 260 80
352390404 104 80
352390408 156 160
352390412 208 160
352390416 260 80
352391428 104 80
352391432 156 160
352391436 208 160
352391440 260 80
352392452 104 80
352392456 156 160
352392460 208 160
352392464 260 80
352393476 104 80
352393480 156 160
352393484 208 160
352393488 260 80
352394500 104 80
352394504 156 160
352394508 208 160
352394512 260 80
352395524 104 80
352395528 156 160
352395532 208 160
352395536 260 80
352396548 104 80
352396552 156 160
352396556 208 160
352396560 260 80
352397572 104 80
352397576 156 160
352397580 208 160
352397584 260 80
352398596 104 80
352398600 156 160
352398604 208 160
352398608 260 80
352399620 104 80
352399624 156 160
352399628 208 160
352399632 260 80
352400644 104 80
352400648 156 160
352400652 208 160
352400656 260 80
352401668 104 80
352401672 156 160
352401676 208 160
352401680 260 80
352402692 104 80
352402696 156 160
352402700 208 160
352402704 260 80
352403716 104 80
352403720 156 160
352403724 208 160
352403728 260 80
352404740 104 80
352404744 156 160
352404748 208 160
352404752 260 80
352405764 104 80
352405768 156 160
352405772 208 160
352405776 260 80
352406788 104 80
352406792 156 160
352406796 208 160
352406800 260 80
352407812 104 80
352407816 156 160
352407820 208 160
352407824 260 80
352408836 104 80
352408840 156 160
352408844 208 160
352408848 260 80
352409860 104 80
352409864 156 160
352409868 208 160
352409872 260 80
352410884 104 80
352410888 156 160
352410892 208 160
352410896 260 80
352411908 104 80
352411912 156 160
352411916 208 160
352411920 260 80
352388612 156 160
352388616 208 160
352388620 260 160
352389636 156 160
352389640 208 160
352389644 260 160
352390660 156 160
352390664 208 160
352390668 260 160
352391684 156 160
352391688 208 160
352391692 260 160
352392708 156 160
352392712 208 160
352392716 260 160
352393732 156 160
352393736 208 160
352393740 260 160
352394756 156 160
352394760 208 160
352394764 260 160
352395780 156 160
352395784 208 160
352395788 260 160
352396804 156 160
352396808 208 160
352396812 260 160
352397828 156 160
352397832 208 160
352397836 260 160
352398852 156 160
352398856 208 160
352398860 260 160
352399876 156 160
352399880 208 160
352399884 260 160
352400900 156 160
352400904 208 160
352400908 260 160
352401924 156 160
352401928 208 160
352401932 260 160
352402948 156 160
352402952 208 160
352402956 260 160
352403972 156 160
352403976 208 160
352403980 260 160
352404996 156 160
352405000 208 160
352405004 260 160
352406020 156 160
352406024 208 160
352406028 260 160
352407044 156 160
352407048 208 160
352407052 260 160
352408068 156 160
352408072 208 160
352408076 260 160
352409092 156 160
352409096 208 160
352409100 260 160
352410116 156 160
352410120 208 160
352410124 260 160
352411140 156 160
352411144 208 160
352411148 260 160
352412164 156 160
352412168 208 160
352412172 260 160
352453892 104 80
352453896 156 160
352453900 208 160
352453904 260 80
352454916 104 80
352454920 156 160
352454924 208 160
352454928 260 80
352455940 104 80
352455944 156 160
352455948 208 160
352455952 260 80
352456964 104 80
352456968 156 160
352456972 208 160
352456976 260 80
352457988 104 80
352457992 156 160
352457996 208 160
352458000 260 80
352459012 104 80
352459016 156 160
352459020 208 160
352459024 260 80
352460036 104 80
352460040 156 160
352460044 208 160
352460048 260 80
352461060 104 80
352461064 156 160
352461068 208 160
352461072 260 80
352462084 104 80
352462088 156 160
352462092 208 160
352462096 260 80
352463108 104 80
352463112 156 160
352463116 208 160
352463120 260 80
352464132 104 80
352464136 156 160
352464140 208 160
352464144 260 80
352465156 104 80
352465160 156 160
352465164 208 160
352465168 260 80
352466180 104 80
352466184 156 160
352466188 208 160
352466192 260 80
352467204 104 80
352467208 156 160
352467212 208 160
352467216 260 80
352468228 104 80
352468232 156 160
352468236 208 160
352468240 260 80
352469252 104 80
352469256 156 160
352469260 208 160
352469264 260 80
352470276 104 80
352470280 156 160
352470284 208 160
352470288 260 80
352471300 104 80
352471304 156 160
352471308 208 160
352471312 260 80
352472324 104 80
352472328 156 160
352472332 208 160
352472336 260 80
352473348 104 80
352473352 156 160
352473356 208 160
352473360 260 80
352474372 104 80
352474376 156 160
352474380 208 160
352474384 260 80
352475396 104 80
352475400 156 160
352475404 208 160
352475408 260 80
352476420 104 80
352476424 156 160
352476428 208 160
352476432 260 80
352477444 104 80
352477448 156 160
352477452 208 160
352477456 260 80
352454148 156 160
352454152 208 160
352454156 260 160
352455172 156 160
352455176 208 160
352455180 260 160
352456196 156 160
352456200 208 160
352456204 260 160
352457220 156 160
352457224 208 160
352457228 260 160
352458244 156 160
352458248 208 160
352458252 260 160
352459268 156 160
352459272 208 160
352459276 260 160
352460292 156 160
352460296 208 160
352460300 260 160
352461316 156 160
352461320 208 160
352461324 260 160
352462340 156 160
352462344 208 160
352462348 260 160
352463364 156 160
352463368 208 160
352463372 260 160
352464388 156 160
352464392 208 160
352464396 260 160
352465412 156 160
352465416 208 160
352465420 260 160
352466436 156 160
352466440 208 160
352466444 260 160
352467460 156 160
352467464 208 160
352467468 260 160
352468484 156 160
352468488 208 160
352468492 260 160
352469508 156 160
352469512 208 160
352469516 260 160
352470532 156 160
352470536 208 160
352470540 260 160
352471556 156 160
352471560 208 160
352471564 260 160
352472580 156 160
352472584 208 160
352472588 260 160
352473604 156 160
352473608 208 160
352473612 260 160
352474628 156 160
352474632 208 160
352474636 260 160
352475652 156 160
352475656 208 160
352475660 260 160
352476676 156 160
352476680 208 160
352476684 260 160
352477700 156 160
352477704 208 160
352477708 260 160
352519428 104 80
352519432 156 160
352519436 208 160
352519440 260 80
352520452 104 80
352520456 156 160
352520460 208 160
352520464 260 80
352521476 104 80
352521480 156 160
352521484 208 160
352521488 260 80
352522500 104 80
352522504 156 160
352522508 208 160
352522512 260 80
352523524 104 80
352523528 156 160
352523532 208 160
352523536 260 80
352524548 104 80
352524552 156 160
352524556 208 160
352524560 260 80
352525572 104 80
352525576 156 160
352525580 208 160
352525584 260 80
352526596 104 80
352526600 156 160
352526604 208 160
352526608 260 80
352527620 104 80
352527624 156 160
352527628 208 160
352527632 260 80
352528644 104 80
352528648 156 160
352528652 208 160
352528656 260 80
352529668 104 80
352529672 156 160
352529676 208 160
352529680 260 80
352530692 104 80
352530696 156 160
352530700 208 160
352530704 260 80
352531716 104 80
352531720 156 160
352531724 208 160
352531728 260 80
352532740 104 80
352532744 156 160
352532748 208 160
352532752 260 80
352533764 104 80
352533768 156 160
352533772 208 160
352533776 260 80
352534788 104 80
352534792 156 160
352534796 208 160
352534800 260 80
352535812 104 80
352535816 156 160
352535820 208 160
352535824 260 80
352536836 104 80
352536840 156 160
352536844 208 160
352536848 260 80
352537860 104 80
352537864 156 160
352537868 208 160
352537872 260 80
352538884 104 80
352538888 156 160
352538892 208 160
352538896 260 80
352539908 104 80
352539912 156 160
352539916 208 160
352539920 260 80
352540932 104 80
352540936 156 160
352540940 208 160
352540944 260 80
352541956 104 80
352541960 156 160
352541964 208 160
352541968 260 80
352542980 104 80
352542984 156 160
352542988 208 160
352542992 260 80
352519684 156 160
352519688 208 160
352519692 260 160
352520708 156 160
352520712 208 160
352520716 260 160
352521732 156 160
352521736 208 160
352521740 260 160
352522756 156 160
352522760 208 160
352522764 260 160
352523780 156 160
352523784 208 160
352523788 260 160
352524804 156 160
352524808 208 160
352524812 260 160
352525828 156 160
352525832 208 160
352525836 260 160
352526852 156 160
352526856 208 160
352526860 260 160
352527876 156 160
352527880 208 160
352527884 260 160
352528900 156 160
352528904 208 160
352528908 260 160
352529924 156 160
352529928 208 160
352529932 260 160
352530948 156 160
352530952 208 160
352530956 260 160
352531972 156 160
352531976 208 160
352531980 260 160
352532996 156 160
352533000 208 160
352533004 260 160
352534020 156 160
352534024 208 160
352534028 260 160
352535044 156 160
352535048 208 160
352535052 260 160
352536068 156 160
352536072 208 160
352536076 260 160
352537092 156 160
352537096 208 160
352537100 260 160
352538116 156 160
352538120 208 160
352538124 260 160
352539140 156 160
352539144 208 160
352539148 260 160
352540164 156 160
352540168 208 160
352540172 260 160
352541188 156 160
352541192 208 160
352541196 260 160
352542212 156 160
352542216 208 160
352542220 260 160
352543236 156 160
352543240 208 160
352543244 260 160
343999748 104 80
343999752 156 160
343999756 208 160
343999760 260 80
344000772 104 80
344000776 156 160
344000780 208 160
344000784 260 80
344001796 104 80
344001800 156 160
344001804 208 160
344001808 260 80
344002820 104 80
344002824 156 160
344002828 208 160
344002832 260 80
344003844 104 80
344003848 156 160
344003852 208 160
344003856 260 80
344004868 104 80
344004872 156 160
344004876 208 160
344004880 260 80
344005892 104 80
344005896 156 160
344005900 208 160
344005904 260 80
344006916 104 80
344006920 156 160
344006924 208 160
344006928 260 80
344007940 104 80
344007944 156 160
344007948 208 160
344007952 260 80
344008964 104 80
344008968 156 160
344008972 208 160
344008976 260 80
344009988 104 80
344009992 156 160
344009996 208 160
344010000 260 80
344011012 104 80
344011016 156 160
344011020 208 160
344011024 260 80
344012036 104 80
344012040 156 160
344012044 208 160
344012048 260 80
344013060 104 80
344013064 156 160
344013068 208 160
344013072 260 80
344014084 104 80
344014088 156 160
344014092 208 160
344014096 260 80
344015108 104 80
344015112 156 160
344015116 208 160
344015120 260 80
344016132 104 80
344016136 156 160
344016140 208 160
344016144 260 80
344017156 104 80
344017160 156 160
344017164 208 160
344017168 260 80
344018180 104 80
344018184 156 160
344018188 208 160
344018192 260 80
344019204 104 80
344019208 156 160
344019212 208 160
344019216 260 80
344020228 104 80
344020232 156 160
344020236 208 160
344020240 260 80
344021252 104 80
344021256 156 160
344021260 208 160
344021264 260 80
344022276 104 80
344022280 156 160
344022284 208 160
344022288 260 80
344023300 104 80
344023304 156 160
344023308 208 160
344023312 260 80
344000004 156 160
344000008 208 160
344000012 260 160
344001028 156 160
344001032 208 160
344001036 260 160
344002052 156 160
344002056 208 160
344002060 260 160
344003076 156 160
344003080 208 160
344003084 260 160
344004100 156 160
344004104 208 160
344004108 260 160
344005124 156 160
344005128 208 160
344005132 260 160
344006148 156 160
344006152 208 160
344006156 260 160
344007172 156 160
344007176 208 160
344007180 260 160
344008196 156 160
344008200 208 160
344008204 260 160
344009220 156 160
344009224 208 160
344009228 260 160
344010244 156 160
344010248 208 160
344010252 260 160
344011268 156 160
344011272 208 160
344011276 260 160
344012292 156 160
344012296 208 160
344012300 260 160
344013316 156 160
344013320 208 160
344013324 260 160
344014340 156 160
344014344 208 160
344014348 260 160
344015364 156 160
344015368 208 160
344015372 260 160
344016388 156 160
344016392 208 160
344016396 260 160
344017412 156 160
344017416 208 160
344017420 260 160
344018436 156 160
344018440 208 160
344018444 260 160
344019460 156 160
344019464 208 160
344019468 260 160
344020484 156 160
344020488 208 160
344020492 260 160
344021508 156 160
344021512 208 160
344021516 260 160
344022532 156 160
344022536 208 160
344022540 260 160
344023556 156 160
344023560 208 160
344023564 260 160
344065284 104 80
344065288 156 160
344065292 208 160
344065296 260 80
344066308 104 80
344066312 156 160
344066316 208 160
344066320 260 80
344067332 104 80
344067336 156 160
344067340 208 160
344067344 260 80
344068356 104 80
344068360 156 160
344068364 208 160
344068368 260 80
344069380 104 80
344069384 156 160
344069388 208 160
344069392 260 80
344070404 104 80
344070408 156 160
344070412 208 160
344070416 260 80
344071428 104 80
344071432 156 160
344071436 208 160
344071440 260 80
344072452 104 80
344072456 156 160
344072460 208 160
344072464 260 80
344073476 104 80
344073480 156 160
344073484 208 160
344073488 260 80
344074500 104 80
344074504 156 160
344074508 208 160
344074512 260 80
344075524 104 80
344075528 156 160
344075532 208 160
344075536 260 80
344076548 104 80
344076552 156 160
344076556 208 160
344076560 260 80
344077572 104 80
344077576 156 160
344077580 208 160
344077584 260 80
344078596 104 80
344078600 156 160
344078604 208 160
344078608 260 80
344079620 104 80
344079624 156 160
344079628 208 160
344079632 260 80
344080644 104 80
344080648 156 160
344080652 208 160
344080656 260 80
344081668 104 80
344081672 156 160
344081676 208 160
344081680 260 80
344082692 104 80
344082696 156 160
344082700 208 160
344082704 260 80
344083716 104 80
344083720 156 160
344083724 208 160
344083728 260 80
344084740 104 80
344084744 156 160
344084748 208 160
344084752 260 80
344085764 104 80
344085768 156 160
344085772 208 160
344085776 260 80
344086788 104 80
344086792 156 160
344086796 208 160
344086800 260 80
344087812 104 80
344087816 156 160
344087820 208 160
344087824 260 80
344088836 104 80
344088840 156 160
344088844 208 160
344088848 260 80
344065540 156 160
344065544 208 160
344065548 260 160
344066564 156 160
344066568 208 160
344066572 260 160
344067588 156 160
344067592 208 160
344067596 260 160
344068612 156 160
344068616 208 160
344068620 260 160
344069636 156 160
344069640 208 160
344069644 260 160
344070660 156 160
344070664 208 160
344070668 260 160
344071684 156 160
344071688 208 160
344071692 260 160
344072708 156 160
344072712 208 160
344072716 260 160
344073732 156 160
344073736 208 160
344073740 260 160
344074756 156 160
344074760 208 160
344074764 260 160
344075780 156 160
344075784 208 160
344075788 260 160
344076804 156 160
344076808 208 160
344076812 260 160
344077828 156 160
344077832 208 160
344077836 260 160
344078852 156 160
344078856 208 160
344078860 260 160
344079876 156 160
344079880 208 160
344079884 260 160
344080900 156 160
344080904 208 160
344080908 260 160
344081924 156 160
344081928 208 160
344081932 260 160
344082948 156 160
344082952 208 160
344082956 260 160
344083972 156 160
344083976 208 160
344083980 260 160
344084996 156 160
344085000 208 160
344085004 260 160
344086020 156 160
344086024 208 160
344086028 260 160
344087044 156 160
344087048 208 160
344087052 260 160
344088068 156 160
344088072 208 160
344088076 260 160
344089092 156 160
344089096 208 160
344089100 260 160
344130820 104 80
344130824 156 160
344130828 208 160
344130832 260 80
344131844 104 80
344131848 156 160
344131852 208 160
344131856 260 80
344132868 104 80
344132872 156 160
344132876 208 160
344132880 260 80
344133892 104 80
344133896 156 160
344133900 208 160
344133904 260 80
344134916 104 80
344134920 156 160
344134924 208 160
344134928 260 80
344135940 104 80
344135944 156 160
344135948 208 160
344135952 260 80
344136964 104 80
344136968 156 160
344136972 208 160
344136976 260 80
344137988 104 80
344137992 156 160
344137996 208 160
344138000 260 80
344139012 104 80
344139016 156 160
344139020 208 160
344139024 260 80
344140036 104 80
344140040 156 160
344140044 208 160
344140048 260 80
344141060 104 80
344141064 156 160
344141068 208 160
344141072 260 80
344142084 104 80
344142088 156 160
344142092 208 160
344142096 260 80
344143108 104 80
344143112 156 160
344143116 208 160
344143120 260 80
344144132 104 80
344144136 156 160
344144140 208 160
344144144 260 80
344145156 104 80
344145160 156 160
344145164 208 160
344145168 260 80
344146180 104 80
344146184 156 160
344146188 208 160
344146192 260 80
344147204 104 80
344147208 156 160
344147212 208 160
344147216 260 80
344148228 104 80
344148232 156 160
344148236 208 160
344148240 260 80
344149252 104 80
344149256 156 160
344149260 208 160
344149264 260 80
344150276 104 80
344150280 156 160
344150284 208 160
344150288 260 80
344151300 104 80
344151304 156 160
344151308 208 160
344151312 260 80
344152324 104 80
344152328 156 160
344152332 208 160
344152336 260 80
344153348 104 80
344153352 156 160
344153356 208 160
344153360 260 80
344154372 104 80
344154376 156 160
344154380 208 160
344154384 260 80
344131076 156 160
344131080 208 160
344131084 260 160
344132100 156 160
344132104 208 160
344132108 260 160
344133124 156 160
344133128 208 160
344133132 260 160
344134148 156 160
344134152 208 160
344134156 260 160
344135172 156 160
344135176 208 160
344135180 260 160
344136196 156 160
344136200 208 160
344136204 260 160
344137220 156 160
344137224 208 160
344137228 260 160
344138244 156 160
344138248 208 160
344138252 260 160
344139268 156 160
344139272 208 160
344139276 260 160
344140292 156 160
344140296 208 160
344140300 260 160
344141316 156 160
344141320 208 160
344141324 260 160
344142340 156 160
344142344 208 160
344142348 260 160
344143364 156 160
344143368 208 160
344143372 260 160
344144388 156 160
344144392 208 160
344144396 260 160
344145412 156 160
344145416 208 160
344145420 260 160
344146436 156 160
344146440 208 160
344146444 260 160
344147460 156 160
344147464 208 160
344147468 260 160
344148484 156 160
344148488 208 160
344148492 260 160
344149508 156 160
344149512 208 160
344149516 260 160
344150532 156 160
344150536 208 160
344150540 260 160
344151556 156 160
344151560 208 160
344151564 260 160
344152580 156 160
344152584 208 160
344152588 260 160
344153604 156 160
344153608 208 160
344153612 260 160
344154628 156 160
344154632 208 160
344154636 260 160
